timestamp_us,collection,mark_time_us,sweep_time_us
1539231150496173,0,1874,346
1539231150502125,1,3406,791
1539231150510924,2,6711,1907
1539231150524797,3,1667,1126
1539231150535607,4,1643,988
1539231150541857,5,1683,988
1539231150548568,6,1735,1022
1539231150555104,7,1657,1020
1539231150561445,8,1646,1001
1539231150568170,9,1661,1003
1539231150574715,10,1636,996
1539231150581028,11,1658,996
1539231150587676,12,1644,1030
1539231150594084,13,1642,994
1539231150600549,14,1680,1007
1539231150607214,15,1665,1043
1539231150613690,16,1675,1020
1539231150620110,17,1797,1055
1539231150626930,18,1826,1105
1539231150633576,19,1811,1053
1539231150640234,20,2353,1244
1539231150647556,21,2360,1247
1539231150654710,22,2257,1172
1539231150661817,23,2347,1178
1539231150669054,24,5539,2100
1539231150699189,25,1688,1764
1539231150711012,26,1662,1763
1539231150722967,27,1636,1765
1539231150735783,28,1654,1737
1539231150748116,29,1669,1756
1539231150759923,30,1705,1772
1539231150772561,31,1887,1867
1539231150785804,32,1880,1750
1539231150798380,33,2697,2040
1539231150811602,34,3196,2066
1539231150826927,35,7420,3017
1539231150880437,36,1627,2520
1539231150903120,37,1667,2591
1539231150926078,38,1705,2600
1539231150948175,39,2590,3030
1539231150973334,40,8494,4485
1539231151003429,41,1674,2731
1539231151026456,42,1682,2788
1539231151049662,43,1859,2701
1539231151072441,44,2611,2986
1539231151096334,45,8528,4556
1539231151125473,46,1656,2546
1539231151147361,47,1662,2564
1539231151169897,48,1719,2581
1539231151192899,49,2613,2989
1539231151217690,50,8505,4514
1539231151246961,51,1642,2540
1539231151269030,52,1667,2538
1539231151292456,53,1752,2568
1539231151315064,54,2604,2976
1539231151340617,55,8531,4518
1539231151369877,56,1640,2540
1539231151393031,57,1686,2543
1539231151415467,58,1715,2569
1539231151438697,59,2552,2995
1539231151463977,60,8458,4511
1539231151493037,61,1656,2536
1539231151515546,62,1655,2515
1539231151537836,63,1711,2544
1539231151560937,64,2610,2996
1539231151585896,65,8598,4494
1539231151615922,66,1660,2547
1539231151638259,67,1665,2549
1539231151661816,68,1717,2590
1539231151684919,69,2589,2997
1539231151709468,70,8469,4513
1539231151738913,71,1651,2564
1539231151761292,72,1683,2548
1539231151785372,73,1881,2609
1539231151808699,74,2667,3006
1539231151834023,75,8690,4471
1539231151863717,76,1653,2597
1539231151886802,77,1844,2656
1539231151910323,78,1724,2586
1539231151933128,79,2628,2994
1539231151957910,80,8482,4512
1539231151987275,81,1650,2540
1539231152009724,82,1689,2786
1539231152033255,83,1741,2639
1539231152056911,84,2815,3050
1539231152083641,85,9054,4547
1539231152114416,86,1811,2615
1539231152138916,87,1819,2594
1539231152164118,88,1903,2621
1539231152188743,89,2788,3031
1539231152215240,90,8874,4528
1539231152245322,91,1721,2561
1539231152267993,92,1668,2546
1539231152290529,93,1719,2584
1539231152313901,94,2579,2986
1539231152338504,95,8608,4513
1539231152368212,96,1673,2546
1539231152391127,97,1665,2565
1539231152414918,98,1755,2597
1539231152438309,99,2603,2985
1539231152463386,100,8441,4515
1539231152492212,101,1675,2537
1539231152515039,102,1663,2572
1539231152537960,103,1732,2588
1539231152560955,104,2619,3006
1539231152586477,105,8492,4496
1539231152615490,106,1654,2549
1539231152637922,107,1660,2550
1539231152661033,108,1738,2569
1539231152684002,109,2622,3006
1539231152709274,110,8519,4494
1539231152738501,111,1657,2547
1539231152761291,112,1691,2561
1539231152785153,113,1888,2623
1539231152809436,114,2769,3036
1539231152836183,115,8832,4566
1539231152866387,116,1722,2565
1539231152890031,117,1750,2575
1539231152912582,118,1736,2564
1539231152935522,119,2563,2975
1539231152960298,120,8434,4508
1539231152989172,121,1660,2534
1539231153011649,122,1668,2806
1539231153034440,123,1730,2802
1539231153057893,124,2656,3010
1539231153083007,125,8600,4504
1539231153112879,126,1678,2531
1539231153136145,127,1705,2545
1539231153158892,128,1726,2593
1539231153182168,129,2582,2986
1539231153206957,130,8569,4507
1539231153236318,131,1663,2536
1539231153258736,132,1658,2568
1539231153281571,133,1732,2572
1539231153304839,134,2602,2998
1539231153330188,135,8527,4502
1539231153359934,136,1681,2529
1539231153382508,137,1659,2555
1539231153405590,138,1742,2565
1539231153427789,139,2593,2976
1539231153452602,140,8451,4526
1539231153481952,141,1654,2542
1539231153503817,142,1675,2533
1539231153526671,143,1722,2581
1539231153549813,144,2581,3006
1539231153575331,145,8494,4532
1539231153604252,146,1667,2533
1539231153627167,147,1669,2550
1539231153650149,148,1722,2580
1539231153672966,149,2574,2990
1539231153698366,150,8459,4515
1539231153727169,151,1653,2548
1539231153749581,152,1659,2552
1539231153772269,153,1797,2707
1539231153796538,154,2657,3031
1539231153821687,155,8609,4505
1539231153851813,156,1674,2536
1539231153874277,157,1661,2554
1539231153897683,158,1736,2583
1539231153920599,159,2597,2992
1539231153945498,160,8456,4493
1539231153974371,161,1800,2566
1539231153996860,162,1673,2613
1539231154019798,163,1773,2645
1539231154042447,164,2689,3029
1539231154068845,165,8940,4540
1539231154100104,166,1782,2592
1539231154123113,167,1717,2563
1539231154145770,168,1738,2570
1539231154168178,169,2609,2985
1539231154193314,170,8458,4506
1539231154222206,171,1652,2550
1539231154244216,172,1676,2532
1539231154266563,173,1734,2578
1539231154289724,174,2571,2975
1539231154315140,175,8476,4502
1539231154343899,176,1664,2527
1539231154366774,177,1661,2553
1539231154389248,178,1771,2623
1539231154412291,179,2605,3003
1539231154438066,180,8510,4512
1539231154467176,181,1651,2549
1539231154489484,182,1660,2554
1539231154512282,183,1736,2570
1539231154534813,184,2582,2990
1539231154559544,185,8566,4489
1539231154589569,186,1648,2553
1539231154612336,187,1690,2559
1539231154635746,188,1746,2558
1539231154658914,189,2594,2990
1539231154684339,190,8446,4517
1539231154713558,191,1653,2549
1539231154736227,192,1674,2539
1539231154759120,193,1730,2579
1539231154782467,194,2750,3021
1539231154808154,195,8835,4556
1539231154837965,196,1707,2569
1539231154861281,197,1693,2551
1539231154883814,198,1727,2556
1539231154906411,199,2595,2988
1539231154930457,200,8459,4497
1539231154960072,201,1659,2537
1539231154982372,202,1661,2552
1539231155005501,203,1743,2799
1539231155029188,204,2712,3204
1539231155055430,205,8674,4535
1539231155085307,206,1707,2557
1539231155108545,207,1692,2547
1539231155131216,208,1726,2587
1539231155154248,209,2572,2988
1539231155179648,210,8479,4493
1539231155208703,211,1663,2550
1539231155231597,212,1657,2559
1539231155254295,213,1717,2588
1539231155277477,214,2578,2980
1539231155302295,215,8596,4547
1539231155332533,216,1688,2535
1539231155355605,217,1654,2559
1539231155378765,218,1727,2584
1539231155402272,219,2587,2980
1539231155427514,220,8460,4497
1539231155456353,221,1662,2538
1539231155478725,222,1658,2549
1539231155501561,223,1732,2578
1539231155524813,224,2607,2995
1539231155549951,225,8484,4490
1539231155580231,226,1703,2553
1539231155602909,227,1681,2548
1539231155625852,228,1724,2574
1539231155648632,229,2608,2984
1539231155673635,230,8446,4489
1539231155702668,231,1649,2550
1539231155724667,232,1674,2532
1539231155747726,233,1747,2550
1539231155771066,234,2671,3098
1539231155798237,235,8633,4516
1539231155827805,236,1691,2544
1539231155851137,237,1674,2565
1539231155874756,238,1718,2608
1539231155898194,239,2593,2989
1539231155923457,240,8493,4499
1539231155952725,241,1655,2533
1539231155974464,242,1659,2565
1539231155996841,243,1736,2655
1539231156019625,244,2787,3206
1539231156044541,245,8889,4548
1539231156075654,246,1727,2580
1539231156098655,247,1710,2549
1539231156122458,248,1744,2576
1539231156145454,249,2586,2991
1539231156170155,250,8591,4525
1539231156199442,251,1649,2551
1539231156222057,252,1658,2553
1539231156244479,253,1736,2570
1539231156267133,254,2602,2968
1539231156291686,255,8478,4498
1539231156321330,256,1668,2553
1539231156343815,257,1685,2547
1539231156367030,258,1732,2585
1539231156389229,259,2592,3072
1539231156414290,260,8554,4423
1539231156443431,261,1661,2550
1539231156465750,262,1661,2544
1539231156488592,263,1744,2561
1539231156511778,264,2589,2965
1539231156538025,265,8400,4497
1539231156567244,266,1652,2553
1539231156590425,267,1670,2556
1539231156613184,268,1735,2572
1539231156636365,269,2603,3002
1539231156661200,270,8552,4515
1539231156690343,271,1663,2553
1539231156712212,272,1679,2550
1539231156734430,273,1724,2582
1539231156757148,274,2592,2990
1539231156783717,275,9011,4523
1539231156814501,276,1723,2582
1539231156837663,277,1701,2596
1539231156861505,278,1737,2571
1539231156884370,279,2585,2987
1539231156909418,280,8523,4496
1539231156938554,281,1639,2547
1539231156960841,282,1686,2535
1539231156983404,283,1724,2582
1539231157006425,284,2669,3190
1539231157031514,285,8731,4618
1539231157061881,286,1676,2556
1539231157084638,287,1684,2537
1539231157106866,288,1738,2578
1539231157129311,289,2616,2983
1539231157154077,290,8446,4509
1539231157183105,291,1650,2555
1539231157205425,292,1669,2536
1539231157228119,293,1738,2558
1539231157250399,294,2664,2990
1539231157275738,295,8404,4508
1539231157304966,296,1680,2530
1539231157327928,297,1685,2537
1539231157350620,298,1727,2577
1539231157373923,299,2567,2987
1539231157399435,300,8537,4505
1539231157428250,301,1658,2535
1539231157450675,302,1650,2548
1539231157473165,303,1727,2590
1539231157495555,304,2587,2967
1539231157520063,305,8605,4503
1539231157550183,306,1651,2558
1539231157573659,307,1679,2549
1539231157596945,308,1743,2564
1539231157619369,309,2598,2984
1539231157643137,310,8474,4492
1539231157672225,311,1675,2527
1539231157694913,312,1649,2543
1539231157717687,313,1725,2580
1539231157740379,314,2616,2992
1539231157765641,315,9080,4590
1539231157796659,316,1715,2552
1539231157818881,317,1690,2545
1539231157841832,318,1725,2579
1539231157863923,319,2593,2987
1539231157888535,320,8634,4515
1539231157917620,321,1651,2548
1539231157939455,322,1666,2537
1539231157962084,323,1719,2573
1539231157985362,324,2590,2998
1539231158010761,325,8594,4601
1539231158040062,326,1685,2779
1539231158063922,327,1699,2543
1539231158086588,328,1735,2587
1539231158109147,329,2588,2979
1539231158134374,330,8465,4505
1539231158163339,331,1650,2545
1539231158186120,332,1666,2557
1539231158208860,333,1738,2571
1539231158231516,334,2593,2979
1539231158256490,335,8579,4519
1539231158286342,336,1654,2540
1539231158309211,337,1691,2547
1539231158332792,338,1759,2573
1539231158355476,339,2565,2985
1539231158380855,340,8459,4516
1539231158409918,341,1656,2555
1539231158432570,342,1684,2551
1539231158455289,343,1720,2577
1539231158478109,344,2733,3004
1539231158503791,345,8486,4501
1539231158533383,346,1674,2544
1539231158556363,347,1683,2542
1539231158579051,348,1722,2577
1539231158601994,349,2566,2986
1539231158627062,350,8488,4499
1539231158656126,351,1666,2542
1539231158678138,352,1660,2552
1539231158701361,353,1741,2582
1539231158724390,354,2572,3003
1539231158749651,355,8447,4518
1539231158779551,356,1701,2602
1539231158803368,357,1707,2559
1539231158826432,358,1747,2595
1539231158849688,359,2569,3001
1539231158875085,360,8618,4545
1539231158904691,361,1688,2547
1539231158927297,362,1654,2550
1539231158949900,363,1727,2589
1539231158972727,364,2592,2984
1539231158997240,365,8826,4584
1539231159027880,366,1681,2751
1539231159051424,367,1757,2562
1539231159075028,368,1786,2605
1539231159098766,369,2615,3029
1539231159124729,370,8464,4516
1539231159153671,371,1761,2553
1539231159176105,372,1684,2541
1539231159198781,373,1712,2572
1539231159222183,374,2613,2984
1539231159247389,375,8458,4494
1539231159277085,376,1660,2532
1539231159299771,377,1675,2538
1539231159322248,378,1734,2587
1539231159344697,379,2587,2986
1539231159369452,380,8432,4507
1539231159398577,381,1834,2593
1539231159420965,382,1670,2538
1539231159443260,383,1731,2570
1539231159466299,384,2605,2991
1539231159491654,385,8414,4503
1539231159520520,386,1680,2534
1539231159543482,387,1663,2547
1539231159566195,388,1720,2589
1539231159589604,389,2638,3008
1539231159615016,390,8509,4497
1539231159643903,391,1660,2532
1539231159666864,392,1660,2561
1539231159689684,393,1735,2591
1539231159712971,394,2655,3013
1539231159737829,395,8586,4501
1539231159767586,396,1737,2739
1539231159791570,397,1688,2567
1539231159814328,398,1726,2579
1539231159837731,399,2627,3000
1539231159862921,400,8521,4520
1539231159892053,401,1674,2540
1539231159914850,402,1665,2541
1539231159937622,403,1721,2568
1539231159960673,404,2611,3006
1539231159985179,405,8491,4512
1539231160015102,406,1669,2591
1539231160037883,407,1668,2615
1539231160061728,408,1842,2607
1539231160084900,409,2737,3036
1539231160111285,410,8795,4529
1539231160140765,411,1684,2518
1539231160163294,412,1648,2538
1539231160186782,413,1745,2570
1539231160209816,414,2593,2993
1539231160235192,415,8425,4501
1539231160264686,416,1672,2539
1539231160287877,417,1685,2545
1539231160310386,418,1720,2586
1539231160333200,419,2584,3000
1539231160358594,420,8457,4492
1539231160387498,421,1650,2555
1539231160410219,422,1684,2559
1539231160433062,423,1747,2569
1539231160455818,424,2599,3004
1539231160480299,425,8611,4529
1539231160510445,426,1654,2562
1539231160533582,427,1687,2564
1539231160557209,428,1749,2585
1539231160579987,429,2603,2990
1539231160604857,430,8476,4526
1539231160633863,431,1647,2549
1539231160656226,432,1723,2576
1539231160679532,433,1735,2572
1539231160702149,434,2586,2983
1539231160727620,435,8524,4506
1539231160756487,436,1665,2522
1539231160779853,437,1760,2556
1539231160803267,438,1784,2607
1539231160826545,439,2617,2990
1539231160851797,440,8444,4497
1539231160880427,441,1656,2531
1539231160902675,442,1658,2532
1539231160925767,443,1728,2589
1539231160949132,444,2607,2984
1539231160974343,445,8443,4493
1539231161003463,446,1662,2727
1539231161026967,447,1674,2768
1539231161050848,448,1813,2605
1539231161074500,449,2606,2996
1539231161100272,450,8614,4502
1539231161129644,451,1653,2555
1539231161152147,452,1672,2548
1539231161174548,453,1736,2587
1539231161197073,454,2604,2988
1539231161222402,455,8583,4489
1539231161252419,456,1675,2530
1539231161274441,457,1661,2552
1539231161298157,458,1725,2572
1539231161320626,459,2602,3001
1539231161345323,460,8455,4509
1539231161374758,461,1652,2557
1539231161397367,462,1673,2604
1539231161420294,463,1753,2571
1539231161443121,464,2629,2977
1539231161468495,465,8494,4516
1539231161497755,466,1651,2550
1539231161520104,467,1675,2532
1539231161542958,468,1733,2569
1539231161565243,469,2594,2976
1539231161590495,470,8520,4514
1539231161619387,471,1647,2541
1539231161641508,472,1661,2539
1539231161663629,473,1724,2580
1539231161686767,474,2563,2982
1539231161712335,475,8557,4498
1539231161741727,476,1661,2557
1539231161764962,477,1781,2838
1539231161788889,478,1866,2601
1539231161812481,479,2613,3002
1539231161837731,480,8505,4506
1539231161866529,481,1653,2554
1539231161889427,482,1663,2546
1539231161912250,483,1755,2572
1539231161935677,484,2586,2979
1539231161960685,485,8603,4514
1539231161990695,486,1662,2550
1539231162013265,487,1710,2597
1539231162037370,488,1819,2661
1539231162060642,489,2665,3008
1539231162085744,490,8472,4489
1539231162114812,491,1659,2552
1539231162137539,492,1658,2557
1539231162160020,493,1753,2561
1539231162183333,494,2633,2974
1539231162208934,495,8522,4511
1539231162237904,496,1652,2545
1539231162260511,497,1678,2544
1539231162282875,498,1733,2580
1539231162305977,499,2582,2989
1539231162331241,500,8479,4498
1539231162360184,501,1664,2541
1539231162382683,502,1671,2559
1539231162405616,503,1741,2583
1539231162428851,504,2620,2993
1539231162454209,505,8425,4519
1539231162483463,506,1651,2550
1539231162506544,507,1666,2557
1539231162529270,508,1749,2580
1539231162551946,509,2589,2998
1539231162577212,510,8595,4512
1539231162606506,511,1666,2559
1539231162629016,512,1685,2540
1539231162651418,513,1717,2574
1539231162673834,514,2580,3015
1539231162699008,515,8672,4503
1539231162728757,516,1666,2528
1539231162751151,517,1669,2540
1539231162774456,518,1755,2712
1539231162798076,519,2639,2999
1539231162823063,520,8484,4497
1539231162851835,521,1661,2535
1539231162874307,522,1657,2541
1539231162897523,523,1725,2590
1539231162920792,524,2605,2993
1539231162945828,525,8477,4504
1539231162974835,526,1655,2547
1539231162997734,527,1673,2641
1539231163021224,528,1747,2786
1539231163043827,529,2729,3092
1539231163068950,530,8513,4509
1539231163098096,531,1642,2553
1539231163120440,532,1782,2551
1539231163143942,533,1749,2554
1539231163166477,534,2556,2989
1539231163191867,535,8532,4507
1539231163221127,536,1676,2532
1539231163244047,537,1683,2535
1539231163267032,538,1723,2573
1539231163289809,539,2570,2987
1539231163314899,540,8541,4500
1539231163344066,541,1665,2534
1539231163366336,542,1655,2560
1539231163388756,543,1736,2530
1539231163412026,544,2632,3000
1539231163436684,545,8577,4527
1539231163466739,546,1652,2553
1539231163489455,547,1668,2558
1539231163511690,548,1745,2568
1539231163534288,549,2577,2978
1539231163559012,550,8479,4539
1539231163588195,551,1664,2528
1539231163610889,552,1656,2543
1539231163633395,553,1736,2586
1539231163655654,554,2608,2974
1539231163681377,555,8510,4504
1539231163711128,556,1657,2542
1539231163733382,557,1673,2563
1539231163756327,558,1738,2562
1539231163779814,559,2723,3021
1539231163805889,560,8645,4524
1539231163835185,561,1658,2567
1539231163857562,562,1653,2551
1539231163880444,563,1816,2613
1539231163903115,564,2819,3082
1539231163927263,565,8565,4502
1539231163956127,566,1662,2530
1539231163979270,567,1664,2554
1539231164001813,568,1736,2632
1539231164025234,569,2603,3037
1539231164050776,570,9102,4578
1539231164081624,571,1802,2610
1539231164105943,572,1819,2605
1539231164129800,573,1855,2629
1539231164154354,574,2729,3042
1539231164179534,575,8721,4500
1539231164209439,576,1796,2613
1539231164232051,577,1683,2539
1539231164255096,578,1735,2569
1539231164278135,579,2589,2979
1539231164302667,580,8482,4505
1539231164331610,581,1650,2541
1539231164354141,582,1662,2561
1539231164376856,583,1733,2564
1539231164399615,584,2605,2979
1539231164425190,585,8522,4505
1539231164454709,586,1651,2551
1539231164476899,587,1688,2519
1539231164499758,588,1733,2560
1539231164522662,589,2580,3008
1539231164547631,590,8428,4521
1539231164577276,591,1667,2558
1539231164599494,592,1658,2547
1539231164622508,593,1741,2584
1539231164645700,594,2607,2984
1539231164670801,595,8591,4499
1539231164700071,596,1661,2532
1539231164722801,597,1663,2555
1539231164745582,598,1731,2574
1539231164768994,599,2832,3147
1539231164796424,600,9086,4565
1539231164827426,601,1798,2598
1539231164851040,602,1786,2592
1539231164874339,603,1814,2616
1539231164898157,604,2656,3004
1539231164922855,605,8539,4515
1539231164952870,606,1684,2524
1539231164975783,607,1690,2535
1539231164998973,608,1780,2789
1539231165022838,609,2630,3015
1539231165048142,610,8992,4582
1539231165078717,611,1803,2613
1539231165103074,612,1828,2613
1539231165127809,613,1866,2593
1539231165151745,614,2716,3031
1539231165177680,615,8554,4501
1539231165206476,616,1638,2563
1539231165229342,617,1698,2536
1539231165252109,618,1741,2560
1539231165274934,619,2607,2982
1539231165300305,620,8440,4512
1539231165329446,621,1661,2549
1539231165351953,622,1684,2531
1539231165375071,623,1729,2573
1539231165397480,624,2574,2981
1539231165422673,625,8468,4503
1539231165451992,626,1664,2533
1539231165474932,627,1667,2560
1539231165497627,628,1731,2558
1539231165520688,629,2600,3010
1539231165545870,630,8495,4522
1539231165575231,631,1648,2544
1539231165597700,632,1689,2567
1539231165620239,633,1758,2581
1539231165642727,634,2590,2987
1539231165667923,635,8575,4529
1539231165698134,636,1652,2537
1539231165720281,637,1685,2548
1539231165743459,638,1734,2562
1539231165766712,639,2750,3155
1539231165793088,640,8735,4550
1539231165823237,641,1668,2563
1539231165845885,642,1688,2596
1539231165868410,643,1744,2569
1539231165890822,644,2603,2965
1539231165916313,645,8540,4502
1539231165946374,646,1655,2543
1539231165968902,647,1673,2529
1539231165991552,648,1726,2588
1539231166015208,649,2688,3197
1539231166040976,650,8742,4566
1539231166070749,651,1723,2559
1539231166093831,652,1711,2571
1539231166117123,653,1750,2596
1539231166140109,654,2586,2990
1539231166166086,655,8496,4527
1539231166194845,656,1652,2537
1539231166217647,657,1660,2538
1539231166239985,658,1746,2563
1539231166262587,659,2586,2996
1539231166287804,660,8456,4503
1539231166316616,661,1664,2534
1539231166338806,662,1654,2553
1539231166361343,663,1761,2571
1539231166383567,664,2609,2976
1539231166408439,665,8826,4537
1539231166437733,666,1661,2553
1539231166460450,667,1672,2536
1539231166483716,668,1738,2566
1539231166506265,669,2558,2973
1539231166531241,670,8487,4503
1539231166559961,671,1663,2536
1539231166582726,672,1677,2557
1539231166605721,673,1720,2580
1539231166628693,674,2602,3004
1539231166654292,675,8448,4548
1539231166683957,676,1668,2549
1539231166706318,677,1671,2545
1539231166729031,678,1736,2566
1539231166751262,679,2575,2983
1539231166776751,680,8813,4544
1539231166807110,681,1696,2569
1539231166829586,682,1682,2554
1539231166852609,683,1739,2567
1539231166875122,684,2596,2991
1539231166900366,685,8581,4559
1539231166929280,686,1677,2542
1539231166952249,687,1674,2536
1539231166975183,688,1725,2565
1539231166998348,689,2611,3223
1539231167024181,690,8571,4587
1539231167054659,691,1744,2588
1539231167078177,692,1744,2587
1539231167101330,693,1817,2552
1539231167125052,694,2628,2926
1539231167149613,695,8715,4450
1539231167179753,696,1688,2527
1539231167202204,697,1659,2584
1539231167225358,698,1753,2571
1539231167248327,699,2590,2992
1539231167273017,700,8489,4498
1539231167302144,701,1648,2558
1539231167324154,702,1703,2547
1539231167347754,703,1746,2558
1539231167370208,704,2593,2970
1539231167394155,705,8448,4514
1539231167423691,706,1650,2551
1539231167446080,707,1664,2541
1539231167468879,708,1746,2557
1539231167491177,709,2616,2987
1539231167516334,710,8399,4510
1539231167545538,711,1649,2553
1539231167567672,712,1664,2586
1539231167591022,713,1755,2592
1539231167614070,714,2579,2981
1539231167639137,715,8409,4515
1539231167668643,716,1678,2537
1539231167691511,717,1659,2551
1539231167714417,718,1725,2577
1539231167736783,719,2571,2993
1539231167762133,720,8808,4544
1539231167791925,721,1692,2551
1539231167814528,722,1667,2557
1539231167837083,723,1840,2597
1539231167860170,724,2614,3014
1539231167884461,725,8662,4541
1539231167914934,726,1651,2542
1539231167937877,727,1654,2550
1539231167961092,728,1743,2553
1539231167983740,729,2595,2978
1539231168008838,730,8556,4621
1539231168038259,731,1656,2757
1539231168062454,732,1710,2570
1539231168085260,733,1771,2584
1539231168108767,734,2596,3001
1539231168133954,735,8483,4509
1539231168163274,736,1648,2548
1539231168185946,737,1679,2569
1539231168208742,738,1753,2565
1539231168231368,739,2587,2975
1539231168256286,740,8467,4515
1539231168285022,741,1681,2539
1539231168307630,742,1665,2566
1539231168330954,743,1724,2583
1539231168353213,744,2615,2985
1539231168378617,745,8467,4494
1539231168408135,746,1672,2609
1539231168431375,747,1673,2547
1539231168454645,748,1721,2573
1539231168477714,749,2582,2997
1539231168502744,750,8427,4514
1539231168531875,751,1671,2534
1539231168554143,752,1661,2566
1539231168576609,753,1752,2568
1539231168599690,754,2611,2974
1539231168624371,755,8588,4519
1539231168653668,756,1655,2555
1539231168676266,757,1679,2543
1539231168699457,758,1728,2568
1539231168722486,759,2602,2997
1539231168746799,760,8501,4519
1539231168776164,761,1730,2574
1539231168799548,762,1678,2594
1539231168822839,763,1729,2572
1539231168846088,764,2589,2982
1539231168871124,765,8515,4500
1539231168900216,766,1661,2529
1539231168922442,767,1674,2558
1539231168945338,768,1755,2571
1539231168967712,769,2587,2979
1539231168992604,770,8474,4621
1539231169021970,771,1678,2586
1539231169044588,772,1688,2543
1539231169067211,773,1744,2577
1539231169089629,774,2571,2980
1539231169114886,775,8581,4519
1539231169144472,776,1665,2526
1539231169167340,777,1666,2576
1539231169190638,778,1736,2573
1539231169213462,779,2587,2993
1539231169237664,780,8482,4503
1539231169266744,781,1646,2551
1539231169289354,782,1673,2546
1539231169311961,783,1734,2588
1539231169334482,784,2592,2991
1539231169359081,785,8574,4512
1539231169388613,786,1669,2533
1539231169410864,787,1652,2544
1539231169434197,788,1727,2576
1539231169457190,789,2598,2995
1539231169481844,790,8450,4505
1539231169510628,791,1651,2545
1539231169532971,792,1744,2534
1539231169556337,793,1739,2558
1539231169578738,794,2590,2985
1539231169604196,795,8465,4494
1539231169633710,796,1656,2558
1539231169656288,797,1676,2531
1539231169678738,798,1724,2572
1539231169700816,799,2599,3009
1539231169725928,800,8441,4504
1539231169754916,801,1654,2556
1539231169777476,802,1690,2563
1539231169800605,803,1773,2575
1539231169823817,804,2597,2996
1539231169849122,805,8455,4490
1539231169877716,806,1647,2538
1539231169900647,807,1671,2537
1539231169923752,808,1749,2570
1539231169946730,809,2583,3000
1539231169972137,810,8452,4501
1539231170001132,811,1671,2828
1539231170024615,812,1669,2752
1539231170047980,813,1825,2725
1539231170071115,814,2698,2993
1539231170096520,815,8779,4539
1539231170126831,816,1655,2551
1539231170148738,817,1681,2543
1539231170172162,818,1750,2562
1539231170194921,819,2627,2988
1539231170219541,820,8427,4518
1539231170248998,821,1663,2522
1539231170271325,822,1659,2548
1539231170293629,823,1721,2583
1539231170315867,824,2591,2996
1539231170341068,825,8490,4526
1539231170371179,826,1650,2542
1539231170393723,827,1662,2546
1539231170416546,828,1739,2569
1539231170439655,829,2598,2983
1539231170464345,830,8450,4504
1539231170493183,831,1667,2537
1539231170515161,832,1659,2567
1539231170537754,833,1724,2568
1539231170560817,834,2583,3000
1539231170585787,835,8434,4507
1539231170614512,836,1650,2550
1539231170637585,837,1658,2552
1539231170660456,838,1745,2562
1539231170683584,839,2587,2968
1539231170708202,840,8495,4498
1539231170737175,841,1666,2542
1539231170759010,842,1695,2614
1539231170782260,843,1746,2598
1539231170804913,844,2629,3001
1539231170829392,845,8572,4497
1539231170859514,846,1650,2533
1539231170882348,847,1665,2547
1539231170904941,848,1740,2561
1539231170927558,849,2591,2979
1539231170952255,850,8481,4499
1539231170981166,851,1663,2539
1539231171003923,852,1706,2602
1539231171027296,853,1743,2618
1539231171050913,854,2656,2979
1539231171076766,855,8513,4535
1539231171105727,856,1758,2549
1539231171128588,857,1701,2538
1539231171151055,858,1728,2568
1539231171173526,859,2577,3002
1539231171198764,860,8588,4504
1539231171228124,861,1663,2536
1539231171250151,862,1657,2547
1539231171273055,863,1738,2564
1539231171295269,864,2585,2972
1539231171320520,865,8514,4518
1539231171349342,866,1662,2549
1539231171372364,867,1690,2533
1539231171395242,868,1731,2579
1539231171418493,869,2553,2979
1539231171443467,870,8484,4503
1539231171472148,871,1668,2555
1539231171494167,872,1663,2555
1539231171516620,873,1738,2558
1539231171539366,874,2612,2985
1539231171564506,875,8661,4528
1539231171594926,876,1680,2559
1539231171617712,877,1674,2577
1539231171640749,878,1748,2563
1539231171663084,879,2594,2978
1539231171688111,880,8471,4500
1539231171717142,881,1675,2531
1539231171739733,882,1680,2541
1539231171762815,883,1718,2666
1539231171786186,884,2651,2999
1539231171812341,885,8559,4524
1539231171842453,886,1660,2544
1539231171864862,887,1687,2540
1539231171888289,888,1777,2565
1539231171910400,889,2576,2990
1539231171935191,890,8443,4509
1539231171963982,891,1664,2524
1539231171986272,892,1661,2513
1539231172009711,893,1733,2820
1539231172033430,894,2660,3194
1539231172059784,895,8775,4532
1539231172089886,896,1731,2562
1539231172113881,897,1714,2576
1539231172137094,898,1751,2592
1539231172159308,899,2571,2988
1539231172184503,900,8475,4522
1539231172213355,901,1659,2562
1539231172235415,902,1661,2539
1539231172258130,903,1709,2584
1539231172280535,904,2584,3007
1539231172305158,905,8635,4503
1539231172335103,906,1654,2538
1539231172357807,907,1649,2551
1539231172380078,908,1757,2573
1539231172403240,909,2596,2982
1539231172427849,910,8502,4498
1539231172457012,911,1658,2527
1539231172479535,912,1660,2546
1539231172502171,913,1735,2571
1539231172525083,914,2599,2997
1539231172550006,915,8454,4495
1539231172579072,916,1649,2541
1539231172601384,917,1680,2546
1539231172623811,918,1734,2562
1539231172646357,919,2573,2988
1539231172671405,920,8435,4502
1539231172700195,921,1658,2550
1539231172722283,922,1663,2541
1539231172744985,923,1734,2569
1539231172767262,924,2843,3204
1539231172793978,925,8710,4531
1539231172823654,926,1670,2554
1539231172846868,927,1661,2551
1539231172869858,928,1722,2575
1539231172892449,929,2586,2996
1539231172918012,930,8590,4511
1539231172946993,931,1641,2555
1539231172969958,932,1657,2547
1539231172992663,933,1735,2573
1539231173015924,934,2709,3201
1539231173041224,935,8930,4533
1539231173071856,936,1697,2548
1539231173094619,937,1660,2556
1539231173117989,938,1737,2603
1539231173141432,939,2581,3002
1539231173166049,940,8460,4509
1539231173194986,941,1653,2565
1539231173217532,942,1694,2549
1539231173240416,943,1753,2571
1539231173263093,944,2596,2985
1539231173288288,945,8471,4495
1539231173317434,946,1651,2545
1539231173340197,947,1675,2540
1539231173362173,948,1730,2582
1539231173384264,949,2604,2988
1539231173408855,950,8443,4610
1539231173437778,951,1646,2543
1539231173459721,952,1647,2556
1539231173482761,953,1721,2574
1539231173505099,954,2619,2986
1539231173530478,955,8433,4516
1539231173559347,956,1655,2539
1539231173582360,957,1666,2588
1539231173605184,958,1751,2578
1539231173627757,959,2592,2969
1539231173652724,960,8484,4517
1539231173681675,961,1647,2561
1539231173704337,962,1683,2543
1539231173726832,963,1725,2573
1539231173749241,964,2600,2996
1539231173774538,965,8852,4523
1539231173804572,966,1684,2546
1539231173827019,967,1663,2550
1539231173849902,968,1733,2562
1539231173873105,969,2609,2986
1539231173897813,970,8481,4499
1539231173926966,971,1672,2558
1539231173949292,972,1668,2559
1539231173971549,973,1735,2580
1539231173994420,974,2577,2979
1539231174019175,975,8676,4609
1539231174049078,976,1784,2611
1539231174072212,977,1683,2541
1539231174094474,978,1712,2579
1539231174117372,979,2612,2993
1539231174142501,980,8441,4509
1539231174171526,981,1651,2545
1539231174193935,982,1666,2546
1539231174216669,983,1744,2567
1539231174239422,984,2587,2980
1539231174264401,985,8497,4497
1539231174293783,986,1654,2554
1539231174316902,987,1688,2535
1539231174339276,988,1726,2576
1539231174362269,989,2567,3007
1539231174387218,990,8455,4494
1539231174416030,991,1662,2602
1539231174438545,992,1662,2540
1539231174461466,993,1733,2572
1539231174484144,994,2608,2993
1539231174509221,995,8575,4497
1539231174538975,996,1650,2551
1539231174561724,997,1664,2549
1539231174584991,998,1754,2560
1539231174608295,999,2606,2988
1539231174633239,1000,8492,4506
1539231174662098,1001,1650,2549
1539231174684490,1002,1696,2546
1539231174707521,1003,1726,2587
1539231174730125,1004,2589,2990
1539231174755557,1005,8504,4597
1539231174786572,1006,1668,2549
1539231174808592,1007,1678,2541
1539231174831858,1008,1730,2558
1539231174854783,1009,2728,2993
1539231174879692,1010,8418,4497
1539231174908580,1011,1656,2530
1539231174930685,1012,1683,2551
1539231174953702,1013,1728,2590
1539231174976903,1014,2602,2996
1539231175002463,1015,8676,4637
1539231175032525,1016,1678,2747
1539231175056315,1017,1732,2546
1539231175079185,1018,1746,2576
1539231175102579,1019,2546,3043
1539231175127913,1020,8481,4510
1539231175156872,1021,1676,2540
1539231175180154,1022,1705,2553
1539231175202567,1023,1718,2592
1539231175224720,1024,2592,2984
1539231175249319,1025,8561,4512
1539231175279469,1026,1651,2537
1539231175302599,1027,1665,2548
1539231175326302,1028,1733,2579
1539231175349370,1029,2586,2994
1539231175373984,1030,8464,4525
1539231175402973,1031,1653,2542
1539231175425512,1032,1665,2569
1539231175448499,1033,1739,2562
1539231175470527,1034,2589,2993
1539231175496011,1035,8503,4502
1539231175525547,1036,1649,2559
1539231175548199,1037,1674,2545
1539231175570589,1038,1794,2575
1539231175593658,1039,2583,2987
1539231175618910,1040,8444,4510
1539231175647793,1041,1666,2537
1539231175670354,1042,1665,2579
1539231175693338,1043,1753,2584
1539231175716207,1044,2593,2999
1539231175741438,1045,8419,4496
1539231175770936,1046,1671,2724
1539231175794512,1047,1689,2561
1539231175817077,1048,1751,2567
1539231175840604,1049,2624,3001
1539231175866241,1050,8524,4523
1539231175895588,1051,1647,2541
1539231175917930,1052,1661,2547
1539231175940650,1053,1732,2558
1539231175963721,1054,2596,2970
1539231175988183,1055,8613,4528
1539231176018582,1056,1657,2739
1539231176041622,1057,1685,2769
1539231176065894,1058,1767,2582
1539231176089501,1059,2597,2999
1539231176114376,1060,8465,4511
1539231176143878,1061,1661,2541
1539231176166434,1062,1652,2547
1539231176189869,1063,1753,2582
1539231176212680,1064,2598,2985
1539231176237826,1065,8449,4507
1539231176266465,1066,1653,2553
1539231176289174,1067,1665,2533
1539231176311718,1068,1735,2562
1539231176333835,1069,2588,2992
1539231176358438,1070,8466,4518
1539231176387356,1071,1642,2536
1539231176409625,1072,1649,2563
1539231176432656,1073,1747,2571
1539231176455687,1074,2596,2992
1539231176480703,1075,8439,4529
1539231176509694,1076,1650,2556
1539231176532461,1077,1673,2536
1539231176554988,1078,1716,2572
1539231176578009,1079,2554,2984
1539231176603238,1080,8475,4495
1539231176632089,1081,1662,2532
1539231176654060,1082,1668,2564
1539231176676887,1083,1736,2561
1539231176699679,1084,2609,2983
1539231176724413,1085,8559,4516
1539231176754077,1086,1653,2555
1539231176776784,1087,1787,2572
1539231176800578,1088,1792,2595
1539231176823940,1089,2610,3000
1539231176848908,1090,8423,4518
1539231176877656,1091,1639,2546
1539231176900118,1092,1674,2580
1539231176922690,1093,1836,2711
1539231176946243,1094,2594,2978
1539231176971557,1095,8486,4505
1539231177001095,1096,1671,2818
1539231177024486,1097,1691,2749
1539231177047949,1098,1807,2636
1539231177071033,1099,2696,2992
1539231177096866,1100,8606,4541
1539231177126103,1101,1662,2545
1539231177148291,1102,1675,2540
1539231177171572,1103,1716,2583
1539231177194657,1104,2579,2985
1539231177220139,1105,8452,4507
1539231177248895,1106,1664,2531
1539231177272043,1107,1691,2537
1539231177294699,1108,1721,2572
1539231177317309,1109,2636,2996
1539231177341672,1110,8501,4500
1539231177370824,1111,1649,2546
1539231177392929,1112,1681,2527
1539231177415696,1113,1744,2573
1539231177438587,1114,2596,2988
1539231177463111,1115,8595,4496
1539231177492836,1116,1670,2528
1539231177514916,1117,1654,2556
1539231177538215,1118,1723,2585
1539231177560722,1119,2614,2983
1539231177585800,1120,8596,4497
1539231177614866,1121,1651,2549
1539231177637203,1122,1687,2546
1539231177660138,1123,1732,2568
1539231177682950,1124,2605,2987
1539231177708243,1125,8488,4509
1539231177737772,1126,1649,2543
1539231177760256,1127,1676,2543
1539231177783471,1128,1751,2577
1539231177805797,1129,2582,2984
1539231177830651,1130,8458,4505
1539231177859889,1131,1666,2545
1539231177882010,1132,1665,2542
1539231177905071,1133,1741,2566
1539231177928481,1134,2612,3002
1539231177953465,1135,8574,4497
1539231177982492,1136,1647,2544
1539231178005571,1137,1672,2737
1539231178029628,1138,1741,2770
1539231178053035,1139,2620,3006
1539231178078982,1140,8536,4507
1539231178107990,1141,1685,2540
1539231178130708,1142,1722,2577
1539231178153452,1143,1732,2582
1539231178175773,1144,2604,2995
1539231178200668,1145,8605,4527
1539231178230765,1146,1653,2547
1539231178253259,1147,1690,2556
1539231178276505,1148,1737,2552
1539231178299078,1149,2590,2972
1539231178324169,1150,8481,4510
1539231178353214,1151,1677,2549
1539231178376200,1152,1685,2541
1539231178399072,1153,1723,2582
1539231178422267,1154,2685,3084
1539231178447887,1155,8553,4509
1539231178476785,1156,1664,2539
1539231178499230,1157,1670,2548
1539231178522289,1158,1722,2580
1539231178545203,1159,2620,3010
1539231178570037,1160,8456,4517
1539231178598920,1161,1652,2536
1539231178620844,1162,1668,2537
1539231178643027,1163,1727,2588
1539231178665380,1164,2583,2979
1539231178690862,1165,8450,4497
1539231178719797,1166,1663,2524
1539231178742851,1167,1663,2547
1539231178765440,1168,1782,2858
1539231178789508,1169,2646,3023
1539231178815085,1170,8521,4519
1539231178844286,1171,1671,2535
1539231178866797,1172,1660,2551
1539231178889099,1173,1773,2601
1539231178912668,1174,2609,3014
1539231178937568,1175,8603,4527
1539231178968050,1176,1667,2528
1539231178991164,1177,1653,2550
1539231179015210,1178,1756,2615
1539231179038574,1179,2660,3058
1539231179064715,1180,8892,4549
1539231179094655,1181,1738,2585
1539231179117866,1182,1701,2559
1539231179140592,1183,1755,2555
1539231179162852,1184,2616,2968
1539231179188361,1185,8491,4496
1539231179217272,1186,1684,2564
1539231179239992,1187,1696,2530
1539231179262324,1188,1724,2566
1539231179284445,1189,2599,3001
1539231179309843,1190,8545,4517
1539231179339132,1191,1662,2552
1539231179361848,1192,1669,2549
1539231179384741,1193,1744,2557
1539231179407707,1194,2593,2986
1539231179433156,1195,8551,4515
1539231179462333,1196,1655,2550
1539231179485301,1197,1675,2546
1539231179508123,1198,1750,2567
1539231179531063,1199,2569,2977
1539231179556240,1200,8469,4495
1539231179585795,1201,1722,2581
1539231179608767,1202,1731,2554
1539231179631681,1203,1779,2575
1539231179654574,1204,2593,2992
1539231179678363,1205,8598,4508
1539231179708001,1206,1667,2540
1539231179730739,1207,1658,2540
1539231179753905,1208,1726,2580
1539231179776798,1209,2810,3072
1539231179802282,1210,8501,4519
1539231179831506,1211,1657,2569
1539231179854454,1212,1670,2553
1539231179877792,1213,1802,2584
1539231179900957,1214,2651,2999
1539231179926060,1215,8646,4512
1539231179955759,1216,1664,2525
1539231179978264,1217,1665,2545
1539231180000805,1218,1754,2894
1539231180024134,1219,2737,3234
1539231180050230,1220,8752,4531
1539231180080129,1221,1709,2555
1539231180102505,1222,1681,2563
1539231180125356,1223,1740,2593
1539231180148262,1224,2589,3012
1539231180173839,1225,8668,4508
1539231180203211,1226,1671,2548
1539231180225973,1227,1666,2537
1539231180248323,1228,1754,2564
1539231180271162,1229,2576,2986
1539231180295782,1230,8489,4511
1539231180324671,1231,1671,2551
1539231180347560,1232,1658,2545
1539231180370015,1233,1722,2571
1539231180393109,1234,2594,2982
1539231180417567,1235,8703,4565
1539231180447929,1236,1673,2530
1539231180470492,1237,1662,2545
1539231180493651,1238,1724,2599
1539231180516320,1239,2587,2995
1539231180541426,1240,8438,4498
1539231180570248,1241,1634,2566
1539231180592923,1242,1704,2547
1539231180615774,1243,1734,2559
1539231180638891,1244,2622,2976
1539231180664423,1245,8458,4500
1539231180694563,1246,1654,2552
1539231180716635,1247,1664,2545
1539231180739489,1248,1720,2576
1539231180762081,1249,2605,3127
1539231180787951,1250,8547,4488
1539231180816955,1251,1680,2560
1539231180839214,1252,1660,2559
1539231180862765,1253,1726,2577
1539231180885384,1254,2586,2982
1539231180910540,1255,8449,4489
1539231180939593,1256,1671,2556
1539231180962471,1257,1662,2545
1539231180985091,1258,1737,2562
1539231181007995,1259,2714,3215
1539231181033939,1260,8629,4603
1539231181063613,1261,1673,2550
1539231181086663,1262,1658,2549
1539231181109130,1263,1736,2595
1539231181132192,1264,2638,3003
1539231181156114,1265,8564,4493
1539231181186176,1266,1666,2544
1539231181209174,1267,1682,2573
1539231181231954,1268,1736,2562
1539231181254385,1269,2592,2991
1539231181278693,1270,8464,4497
1539231181307809,1271,1672,2539
1539231181330276,1272,1663,2544
1539231181352893,1273,1726,2568
1539231181375891,1274,2598,3004
1539231181401257,1275,8653,4515
1539231181431613,1276,1745,2547
1539231181454235,1277,1657,2547
1539231181476821,1278,1745,2557
1539231181499809,1279,2598,2966
1539231181524879,1280,8461,4510
1539231181553730,1281,1745,2548
1539231181576322,1282,1677,2532
1539231181598943,1283,1744,2578
1539231181622057,1284,2575,2985
1539231181647262,1285,8477,4494
1539231181676391,1286,1667,2538
1539231181698962,1287,1662,2541
1539231181721878,1288,1719,2586
1539231181745014,1289,2573,2999
1539231181770612,1290,8770,4626
1539231181800428,1291,1736,2560
1539231181823974,1292,1739,2568
1539231181847149,1293,1744,2579
1539231181870350,1294,2582,2986
1539231181894980,1295,8580,4504
1539231181924043,1296,1656,2556
1539231181946898,1297,1694,2563
1539231181970055,1298,1724,2574
1539231181992513,1299,2601,2981
1539231182017768,1300,8528,4601
1539231182047624,1301,1826,2632
1539231182071697,1302,1836,2593
1539231182096629,1303,1897,2615
1539231182121215,1304,2834,3036
1539231182148256,1305,9070,4578
1539231182179765,1306,1781,2597
1539231182203357,1307,1722,2571
1539231182226255,1308,1739,2592
1539231182248309,1309,2591,2989
1539231182273188,1310,8468,4501
1539231182302057,1311,1650,2556
1539231182324359,1312,1681,2535
1539231182347220,1313,1724,2580
1539231182370355,1314,2577,2983
1539231182395430,1315,8547,4515
1539231182424707,1316,1672,2540
1539231182447548,1317,1681,2556
1539231182470158,1318,1727,2570
1539231182493243,1319,2593,2986
1539231182518506,1320,8438,4512
1539231182547568,1321,1651,2543
1539231182569581,1322,1657,2545
1539231182591748,1323,1736,2568
1539231182614210,1324,2586,2979
1539231182639090,1325,8685,4524
1539231182669591,1326,1661,2552
1539231182692250,1327,1690,2536
1539231182715582,1328,1729,2569
1539231182738045,1329,2580,2995
1539231182762736,1330,8851,4629
1539231182792923,1331,1720,2551
1539231182815968,1332,1706,2556
1539231182839115,1333,1726,2585
1539231182861825,1334,2594,2999
1539231182886939,1335,8482,4507
1539231182916625,1336,1672,2529
1539231182939254,1337,1665,2564
1539231182961885,1338,1715,2595
1539231182984431,1339,2576,3003
1539231183009473,1340,8573,4599
1539231183039283,1341,1647,2795
1539231183062221,1342,1719,2569
1539231183086186,1343,1760,2579
1539231183108847,1344,2704,3006
1539231183134608,1345,8439,4503
1539231183163368,1346,1672,2546
1539231183186720,1347,1659,2545
1539231183210011,1348,1723,2574
1539231183233139,1349,2589,3002
1539231183258469,1350,8442,4512
1539231183287396,1351,1645,2534
1539231183310069,1352,1664,2566
1539231183333239,1353,1745,2578
1539231183356454,1354,2600,2995
1539231183381109,1355,8567,4507
1539231183410742,1356,1657,2549
1539231183433848,1357,1820,2598
1539231183457349,1358,1745,2568
1539231183480507,1359,2598,3009
1539231183504757,1360,8461,4518
1539231183534074,1361,1648,2556
1539231183556473,1362,1694,2542
1539231183579384,1363,1770,2596
1539231183602114,1364,2627,2985
1539231183627516,1365,8441,4500
1539231183656960,1366,1655,2530
1539231183679551,1367,1669,2544
1539231183701905,1368,1722,2588
1539231183724863,1369,2595,2993
1539231183750027,1370,8460,4501
1539231183779547,1371,1679,2563
1539231183802273,1372,1748,2573
1539231183825229,1373,1751,2592
1539231183848666,1374,2631,2999
1539231183873946,1375,8680,4519
1539231183903129,1376,1657,2546
1539231183925524,1377,1661,2565
1539231183948326,1378,1761,2572
1539231183971133,1379,2584,2978
1539231183996541,1380,8513,4593
1539231184026083,1381,1658,2765
1539231184048373,1382,1727,2559
1539231184072421,1383,1898,2622
1539231184096610,1384,2845,3040
1539231184123060,1385,9165,4559
1539231184154623,1386,1767,2589
1539231184178491,1387,1750,2601
1539231184202289,1388,1749,2581
1539231184225651,1389,2585,2994
1539231184250334,1390,8451,4506
1539231184279591,1391,1660,2544
1539231184302249,1392,1663,2540
1539231184324825,1393,1738,2559
1539231184347312,1394,2612,2974
1539231184372701,1395,8501,4533
1539231184402728,1396,1648,2557
1539231184425231,1397,1688,2561
1539231184448163,1398,1761,2581
1539231184470632,1399,2586,2979
1539231184495625,1400,8455,4503
1539231184524750,1401,1664,2537
1539231184547305,1402,1657,2554
1539231184570002,1403,1721,2571
1539231184593117,1404,2597,2997
1539231184619283,1405,8470,4508
1539231184648137,1406,1666,2531
1539231184671415,1407,1676,2554
1539231184695028,1408,1737,2588
1539231184717998,1409,2567,2982
1539231184743315,1410,8538,4492
1539231184772516,1411,1696,2687
1539231184795620,1412,1726,2583
1539231184818789,1413,1756,2591
1539231184842257,1414,2582,2987
1539231184866864,1415,8597,4499
1539231184896169,1416,1670,2532
1539231184918802,1417,1668,2556
1539231184941897,1418,1744,2585
1539231184965414,1419,2605,3009
1539231184990251,1420,8461,4588
1539231185019745,1421,1683,2762
1539231185042878,1422,1657,2597
1539231185066816,1423,1884,2621
1539231185091313,1424,2847,3035
1539231185118541,1425,9050,4549
1539231185149014,1426,1797,2573
1539231185172981,1427,1766,2565
1539231185196205,1428,1782,2575
1539231185219304,1429,2589,2970
1539231185243644,1430,8469,4502
1539231185272507,1431,1666,2536
1539231185294731,1432,1667,2552
1539231185317504,1433,1777,2590
1539231185340657,1434,2602,3016
1539231185366285,1435,8462,4501
1539231185395129,1436,1650,2542
1539231185417380,1437,1675,2540
1539231185440186,1438,1750,2578
1539231185463618,1439,2603,2988
1539231185489244,1440,8483,4538
1539231185518614,1441,1660,2557
1539231185540496,1442,1686,2551
1539231185562735,1443,1747,2578
1539231185585370,1444,2718,3020
1539231185610147,1445,8651,4498
1539231185640414,1446,1664,2544
1539231185663100,1447,1662,2556
1539231185686432,1448,1730,2572
1539231185709705,1449,2598,2980
1539231185734470,1450,8435,4503
1539231185763626,1451,1647,2683
1539231185786921,1452,1700,2578
1539231185810643,1453,1746,2590
1539231185833915,1454,2590,2973
1539231185859451,1455,8521,4500
1539231185888804,1456,1667,2542
1539231185911489,1457,1659,2556
1539231185933727,1458,1739,2650
1539231185956242,1459,2591,3009
1539231185981162,1460,8504,4511
1539231186010375,1461,1677,2773
1539231186033005,1462,1682,2558
1539231186056470,1463,1839,2591
1539231186079491,1464,2691,2990
1539231186105554,1465,8699,4516
1539231186134990,1466,1647,2542
1539231186157702,1467,1660,2542
1539231186180128,1468,1804,2619
1539231186203535,1469,2593,2989
1539231186229519,1470,8472,4505
1539231186258359,1471,1650,2558
1539231186280992,1472,1672,2538
1539231186303355,1473,1727,2590
1539231186325726,1474,2608,2998
1539231186350740,1475,8573,4488
1539231186380789,1476,1668,2536
1539231186403673,1477,1671,2556
1539231186427909,1478,1749,2559
1539231186450625,1479,2611,3004
1539231186475247,1480,8458,4513
1539231186504006,1481,1667,2538
1539231186526694,1482,1666,2552
1539231186550044,1483,1729,2588
1539231186573432,1484,2583,2997
1539231186598883,1485,8826,4524
1539231186628711,1486,1679,2533
1539231186651209,1487,1671,2551
1539231186673894,1488,1724,2569
1539231186696075,1489,2608,2988
1539231186720856,1490,8456,4538
1539231186749680,1491,1649,2539
1539231186772430,1492,1844,2680
1539231186795947,1493,1817,2607
1539231186819172,1494,2645,2995
1539231186845376,1495,8494,4511
1539231186874188,1496,1650,2538
1539231186897117,1497,1674,2547
1539231186920145,1498,1736,2555
1539231186943231,1499,2606,2972
1539231186968638,1500,8501,4512
1539231186997861,1501,1651,2659
1539231187020742,1502,1694,2743
1539231187043581,1503,1730,2811
1539231187067476,1504,2830,3024
1539231187093733,1505,9237,4562
1539231187125289,1506,1817,2614
1539231187149307,1507,1809,2609
1539231187174468,1508,1830,2603
1539231187198194,1509,2653,3002
1539231187222327,1510,8451,4503
1539231187251903,1511,1662,2530
1539231187274549,1512,1662,2548
1539231187297470,1513,1729,2576
1539231187320431,1514,2619,3010
1539231187345801,1515,8477,4514
1539231187375819,1516,1664,2528
1539231187398500,1517,1665,2555
1539231187420997,1518,1744,2562
1539231187443609,1519,2604,2971
1539231187468904,1520,8488,4531
1539231187498009,1521,1649,2547
1539231187520070,1522,1683,2534
1539231187542779,1523,1725,2569
1539231187565923,1524,2572,3021
1539231187591658,1525,8525,4494
1539231187620489,1526,1680,2524
1539231187643321,1527,1675,2554
1539231187666199,1528,1731,2572
1539231187689168,1529,2593,2981
1539231187714255,1530,8447,4500
1539231187743390,1531,1649,2535
1539231187765638,1532,1799,2876
1539231187789303,1533,1866,2596
1539231187812502,1534,2648,3010
1539231187837481,1535,8737,4514
1539231187867381,1536,1659,2568
1539231187890417,1537,1701,2562
1539231187913950,1538,1734,2581
1539231187937051,1539,2588,3030
1539231187961982,1540,8528,4429
1539231187991303,1541,1655,2482
1539231188014351,1542,1697,2756
1539231188037480,1543,1735,2608
1539231188062011,1544,2814,3025
1539231188088693,1545,9115,4557
1539231188120113,1546,1824,2588
1539231188144272,1547,1802,2577
1539231188168186,1548,1820,2573
1539231188191813,1549,2631,3011
1539231188216531,1550,8430,4518
1539231188245286,1551,1664,2552
1539231188267844,1552,1675,2549
1539231188290436,1553,1721,2573
1539231188313009,1554,2582,3001
1539231188338321,1555,8433,4516
1539231188366912,1556,1745,2551
1539231188389425,1557,1669,2566
1539231188412244,1558,1733,2568
1539231188434936,1559,2605,2981
1539231188460487,1560,8491,4516
1539231188489301,1561,1661,2559
1539231188512104,1562,1689,2534
1539231188534539,1563,1723,2596
1539231188556873,1564,2593,3002
1539231188581728,1565,8560,4503
1539231188611513,1566,1651,2541
1539231188634494,1567,1663,2553
1539231188656780,1568,1741,2566
1539231188679746,1569,2612,2976
1539231188704523,1570,8446,4525
1539231188734142,1571,1648,2557
1539231188756623,1572,1676,2542
1539231188779668,1573,1815,2594
1539231188802398,1574,2662,3000
1539231188828215,1575,8501,4500
1539231188857905,1576,1649,2539
1539231188880141,1577,1684,2536
1539231188902717,1578,1730,2576
1539231188924859,1579,2591,3005
1539231188949748,1580,8531,4510
1539231188979655,1581,1652,2550
1539231189001901,1582,1776,2782
1539231189025924,1583,1855,2829
1539231189049971,1584,2712,3033
1539231189076613,1585,9091,4563
1539231189106976,1586,1771,2558
1539231189131445,1587,1754,2596
1539231189155351,1588,1776,2587
1539231189178242,1589,2564,2992
1539231189203915,1590,8589,4506
1539231189232920,1591,1658,2531
1539231189255148,1592,1652,2555
1539231189277566,1593,1712,2587
1539231189300085,1594,2623,2988
1539231189323717,1595,8671,4519
1539231189352860,1596,1683,2537
1539231189375126,1597,1659,2572
1539231189398550,1598,1724,2572
1539231189421701,1599,2573,2986
1539231189446807,1600,8571,4513
1539231189476006,1601,1681,2535
1539231189499238,1602,1658,2554
1539231189521550,1603,1718,2586
1539231189543772,1604,2596,2972
1539231189569443,1605,8497,4517
1539231189599800,1606,1702,2550
1539231189622506,1607,1660,2564
1539231189645617,1608,1732,2571
1539231189668024,1609,2598,2987
1539231189692766,1610,8472,4523
1539231189721791,1611,1650,2541
1539231189743986,1612,1674,2524
1539231189767006,1613,1800,2871
1539231189791135,1614,2645,3014
1539231189816748,1615,8491,4514
1539231189845672,1616,1653,2548
1539231189868825,1617,1682,2548
1539231189891318,1618,1725,2573
1539231189914221,1619,2583,2988
1539231189939327,1620,8611,4506
1539231189968504,1621,1672,2545
1539231189990917,1622,1659,2542
1539231190013788,1623,1846,2609
1539231190036913,1624,2802,3078
1539231190062236,1625,8834,4519
1539231190093049,1626,1702,2549
1539231190116218,1627,1700,2544
1539231190139322,1628,1726,2572
1539231190162397,1629,2576,2986
1539231190187128,1630,8531,4507
1539231190216446,1631,1670,2543
1539231190239180,1632,1670,2562
1539231190262081,1633,1729,2584
1539231190284912,1634,2596,3004
1539231190310265,1635,8468,4502
1539231190340088,1636,1667,2526
1539231190362809,1637,1667,2552
1539231190385172,1638,1742,2578
1539231190407225,1639,2585,2980
1539231190431716,1640,8548,4567
1539231190460957,1641,1677,2538
1539231190483064,1642,1665,2548
1539231190505775,1643,1731,2587
1539231190528871,1644,2605,2988
1539231190554299,1645,8459,4496
1539231190583228,1646,1652,2545
1539231190606416,1647,1663,2543
1539231190629364,1648,1738,2590
1539231190652384,1649,2568,3011
1539231190677499,1650,8465,4504
1539231190706359,1651,1654,2554
1539231190728295,1652,1692,2537
1539231190750686,1653,1728,2583
1539231190774562,1654,2720,3140
1539231190799794,1655,8752,4508
1539231190830425,1656,1662,2563
1539231190853045,1657,1677,2531
1539231190876041,1658,1756,2560
1539231190898504,1659,2571,2999
1539231190923240,1660,8459,4506
1539231190952466,1661,1692,2519
1539231190975172,1662,1661,2544
1539231190998317,1663,1721,2683
1539231191021155,1664,2696,3188
1539231191046812,1665,8995,4562
1539231191078098,1666,1803,2605
1539231191101823,1667,1816,2600
1539231191126469,1668,1886,2640
1539231191150311,1669,2822,3043
1539231191176974,1670,8942,4546
1539231191207148,1671,1744,2599
1539231191229795,1672,1689,2563
1539231191252775,1673,1733,2557
1539231191275141,1674,2584,2967
1539231191301139,1675,8477,4505
1539231191330269,1676,1662,2562
1539231191353249,1677,1726,2558
1539231191376738,1678,1748,2564
1539231191399432,1679,2576,2976
1539231191424339,1680,8475,4509
1539231191458368,1681,2991,2853
1539231191482233,1682,1660,2564
1539231191504666,1683,1727,2567
1539231191526922,1684,2598,2988
1539231191551777,1685,8613,4493
1539231191581951,1686,1795,2618
1539231191606301,1687,1827,2606
1539231191630759,1688,1873,2626
1539231191655045,1689,2793,3010
1539231191680957,1690,8834,4535
1539231191710775,1691,1679,2556
1539231191733217,1692,1669,2556
1539231191756016,1693,1724,2572
1539231191778842,1694,2634,2996
1539231191804477,1695,8525,4524
1539231191834030,1696,1701,2576
1539231191856752,1697,1689,2536
1539231191879056,1698,1713,2574
1539231191901491,1699,2571,2979
1539231191926548,1700,8489,4501
1539231191955499,1701,1637,2551
1539231191977502,1702,1651,2539
1539231191999766,1703,1724,2648
1539231192023049,1704,2604,3030
1539231192048588,1705,8754,4559
1539231192078093,1706,1671,2567
1539231192101043,1707,1666,2546
1539231192123537,1708,1715,2583
1539231192146330,1709,2552,2993
1539231192171559,1710,8434,4535
1539231192200438,1711,1659,2540
1539231192222298,1712,1647,2559
1539231192244437,1713,1726,2591
1539231192267691,1714,2594,2972
1539231192291893,1715,8532,4490
1539231192321815,1716,1643,2550
1539231192344284,1717,1681,2533
1539231192367299,1718,1717,2576
1539231192390495,1719,2572,2979
1539231192414866,1720,8390,4546
1539231192444038,1721,1673,2565
1539231192466607,1722,1647,2556
1539231192489568,1723,1711,2565
1539231192512379,1724,2571,2998
1539231192537431,1725,8445,4508
1539231192567043,1726,1645,2555
1539231192589857,1727,1647,2527
1539231192612667,1728,1742,2568
1539231192635485,1729,2584,2976
1539231192660362,1730,8432,4503
1539231192689138,1731,1667,2530
1539231192711763,1732,1667,2531
1539231192734481,1733,1717,2567
1539231192756655,1734,2564,3012
1539231192782298,1735,8443,4509
1539231192810991,1736,1641,2559
1539231192834070,1737,1653,2560
1539231192856829,1738,1745,2569
1539231192879628,1739,2572,2968
1539231192904464,1740,8422,4524
1539231192933479,1741,1642,2551
1539231192955948,1742,1679,2536
1539231192978320,1743,1715,2591
1539231193001349,1744,2603,3031
1539231193026401,1745,8598,4668
1539231193056772,1746,1670,2550
1539231193078973,1747,1649,2559
1539231193101198,1748,1738,2586
1539231193124161,1749,2716,2991
1539231193149566,1750,8446,4515
1539231193178730,1751,1642,2548
1539231193200971,1752,1662,2537
1539231193224260,1753,1724,2553
1539231193246946,1754,2583,2975
1539231193271982,1755,8453,4509
1539231193301151,1756,1668,2533
1539231193323915,1757,1677,2530
1539231193346141,1758,1713,2576
1539231193369039,1759,2596,2997
1539231193393697,1760,8427,4506
1539231193422322,1761,1641,2547
1539231193444180,1762,1666,2548
1539231193467036,1763,1717,2586
1539231193490164,1764,2550,2989
1539231193515221,1765,8409,4501
1539231193544083,1766,1655,2542
1539231193567120,1767,1661,2550
1539231193590425,1768,1713,2586
1539231193613082,1769,2579,2995
1539231193638007,1770,8402,4511
1539231193667017,1771,1640,2560
1539231193688814,1772,1754,2565
1539231193711445,1773,1713,2575
1539231193734520,1774,2558,2988
1539231193758755,1775,8621,4600
1539231193789439,1776,1640,2567
1539231193812469,1777,1673,2527
1539231193835723,1778,1739,2573
1539231193858603,1779,2587,2990
1539231193882241,1780,8434,4492
1539231193911596,1781,1640,2546
1539231193933940,1782,1654,2552
1539231193957027,1783,1746,2570
1539231193980145,1784,2601,2992
1539231194005329,1785,8523,4560
1539231194034954,1786,1641,3256
1539231194057994,1787,1650,2558
1539231194080596,1788,1737,2556
1539231194103087,1789,2572,2991
1539231194128085,1790,8459,4509
1539231194156940,1791,1668,2533
1539231194179160,1792,1654,2552
1539231194202092,1793,1713,2572
1539231194224961,1794,2574,2993
1539231194250352,1795,8506,4508
1539231194279228,1796,1644,2547
1539231194302074,1797,1658,2545
1539231194324630,1798,1746,2564
1539231194347706,1799,2578,2966
1539231194372751,1800,8420,4524
1539231194401539,1801,1639,2548
1539231194424217,1802,1728,2563
1539231194446610,1803,1714,2608
1539231194469804,1804,2562,2989
1539231194494869,1805,8530,4488
1539231194524468,1806,1670,2540
1539231194546786,1807,1653,2554
1539231194569299,1808,1742,2573
1539231194592038,1809,2579,2991
1539231194616697,1810,8428,4520
1539231194645896,1811,1642,2541
1539231194668391,1812,1670,2536
1539231194690977,1813,1712,2565
1539231194712983,1814,2593,2989
1539231194738119,1815,8441,4499
1539231194767539,1816,1795,2605
1539231194790348,1817,1654,2549
1539231194813057,1818,1729,2569
1539231194835245,1819,2575,2978
1539231194860367,1820,8436,4501
1539231194889092,1821,1668,2527
1539231194911180,1822,1654,2554
1539231194934799,1823,1721,2572
1539231194956922,1824,2588,2994
1539231194981472,1825,8397,4504
1539231195010449,1826,1641,2585
1539231195033614,1827,1656,2633
1539231195056359,1828,1738,2561
1539231195078882,1829,2564,2976
1539231195102852,1830,8449,4513
1539231195131817,1831,1662,2543
1539231195153631,1832,1650,2552
1539231195176263,1833,1725,2562
1539231195198666,1834,2567,2984
1539231195223348,1835,8510,4486
1539231195253261,1836,1657,2532
1539231195276019,1837,1674,2536
1539231195298975,1838,1724,2570
1539231195321953,1839,2565,2989
1539231195346626,1840,8459,4508
1539231195375692,1841,1645,2550
1539231195397812,1842,1659,2565
1539231195420499,1843,1739,2564
1539231195443140,1844,2596,2978
1539231195468581,1845,8443,4521
1539231195497302,1846,1657,2571
1539231195519754,1847,1687,2527
1539231195542990,1848,1709,2565
1539231195565863,1849,2552,3012
1539231195590923,1850,8546,4491
1539231195619895,1851,1663,2526
1539231195642261,1852,1649,2547
1539231195664809,1853,1727,2558
1539231195687808,1854,2590,2973
1539231195713188,1855,8459,4499
1539231195742361,1856,1643,2543
1539231195765184,1857,1742,2630
1539231195788272,1858,1784,2595
1539231195811409,1859,2561,2990
1539231195836491,1860,8437,4527
1539231195865197,1861,1750,2551
1539231195888152,1862,1678,2532
1539231195910367,1863,1713,2581
1539231195932955,1864,2586,2992
1539231195957919,1865,8549,4504
1539231195987839,1866,1659,2534
1539231196010643,1867,1651,2594
1539231196033779,1868,1710,2647
1539231196056967,1869,2582,2996
1539231196081602,1870,8485,4499
1539231196110441,1871,1671,2578
1539231196132812,1872,1671,2547
1539231196155243,1873,1717,2579
1539231196178202,1874,2577,2999
1539231196203094,1875,8427,4498
1539231196231919,1876,1657,2544
1539231196254450,1877,1651,2544
1539231196277365,1878,1740,2584
1539231196300301,1879,2574,3001
1539231196324128,1880,8430,4497
1539231196353478,1881,1646,2539
1539231196375715,1882,1654,2567
1539231196398436,1883,1716,2568
1539231196421485,1884,2561,3008
1539231196446872,1885,8602,4499
1539231196475792,1886,1661,2526
1539231196498533,1887,1651,2543
1539231196520856,1888,1731,2562
1539231196544038,1889,2569,2998
1539231196569199,1890,8628,4489
1539231196598118,1891,1637,2552
1539231196620310,1892,1670,2551
1539231196642698,1893,1713,2599
1539231196665020,1894,2652,3000
1539231196689243,1895,8588,4508
1539231196719331,1896,1643,2547
1539231196741959,1897,1655,2553
1539231196764990,1898,1910,2653
1539231196788994,1899,2722,3000
1539231196813934,1900,8449,4491
1539231196842982,1901,1755,2528
1539231196865429,1902,1649,2549
1539231196887953,1903,1724,2555
1539231196910981,1904,2601,2985
1539231196936240,1905,8452,4488
1539231196965810,1906,1691,2543
1539231196988164,1907,1682,2536
1539231197010764,1908,1719,2620
1539231197033890,1909,2563,3047
1539231197058712,1910,8420,4493
1539231197087752,1911,1661,2541
1539231197110084,1912,1653,2589
1539231197132381,1913,1733,2554
1539231197155500,1914,2585,2976
1539231197180916,1915,8467,4497
1539231197209792,1916,1744,2544
1539231197232827,1917,1666,2529
1539231197255395,1918,1718,2562
1539231197278303,1919,2559,2983
1539231197303001,1920,8446,4493
1539231197332205,1921,1659,2538
1539231197355169,1922,1650,2550
1539231197377569,1923,1716,2571
1539231197400429,1924,2584,2986
1539231197424848,1925,8586,4495
1539231197454973,1926,1673,2550
1539231197477974,1927,1653,2552
1539231197501108,1928,1740,2574
1539231197524213,1929,2580,3000
1539231197549193,1930,8445,4500
1539231197577996,1931,1641,2554
1539231197600360,1932,1677,2542
1539231197623471,1933,1714,2586
1539231197646504,1934,2577,2969
1539231197671485,1935,8426,4483
1539231197701303,1936,1650,2530
1539231197723761,1937,1672,2533
1539231197745814,1938,1712,2590
1539231197768842,1939,2741,3031
1539231197794095,1940,8414,4494
1539231197823410,1941,1639,2544
1539231197845618,1942,1650,2537
1539231197868711,1943,1729,2575
1539231197891580,1944,2563,2975
1539231197916737,1945,8392,4506
1539231197945230,1946,1659,2558
1539231197968065,1947,1665,2533
1539231197990302,1948,1726,2572
1539231198013241,1949,2566,3046
1539231198038589,1950,8674,4516
1539231198067562,1951,1638,2549
1539231198090157,1952,1651,2561
1539231198112464,1953,1830,2560
1539231198134971,1954,2588,2980
1539231198159048,1955,8618,4484
1539231198188240,1956,1659,2533
1539231198210820,1957,1660,2543
1539231198233911,1958,1719,2567
1539231198256973,1959,2579,3005
1539231198281570,1960,8448,4511
1539231198310352,1961,1647,2554
1539231198332834,1962,1669,2523
1539231198355888,1963,1735,2570
1539231198378099,1964,2562,2976
1539231198403253,1965,8424,4496
1539231198433184,1966,1654,2537
1539231198455537,1967,1714,2544
1539231198478193,1968,1731,2570
1539231198500593,1969,2593,2992
1539231198525627,1970,8391,4501
1539231198554394,1971,1639,2547
1539231198576244,1972,1665,2528
1539231198598801,1973,1712,2564
1539231198621991,1974,2561,2987
1539231198646823,1975,8418,4513
1539231198675450,1976,1642,2547
1539231198698260,1977,1649,2554
1539231198721176,1978,1731,2599
1539231198744305,1979,2580,3001
1539231198769576,1980,8710,4508
1539231198798861,1981,1655,2546
1539231198820723,1982,1679,2540
1539231198843073,1983,1709,2573
1539231198865367,1984,2594,2996
1539231198889992,1985,8562,4494
1539231198920111,1986,1655,2528
1539231198942777,1987,1652,2556
1539231198966067,1988,1720,2571
1539231198989057,1989,2592,2987
1539231199013643,1990,8460,4596
1539231199043152,1991,1670,2537
1539231199065431,1992,1651,2560
1539231199088686,1993,1728,2576
1539231199110890,1994,2657,2977
1539231199136336,1995,8402,4505
1539231199165603,1996,1641,2546
1539231199188246,1997,1681,2530
1539231199211311,1998,1712,2584
1539231199234135,1999,2573,3003
1539231199259025,2000,8397,4513
1539231199287859,2001,1653,2542
1539231199310065,2002,1658,2556
1539231199332819,2003,1741,2554
1539231199355723,2004,2560,2973
1539231199380960,2005,8434,4504
1539231199409661,2006,1642,2551
1539231199432872,2007,1671,2529
1539231199456222,2008,1920,2567
1539231199479064,2009,2558,2975
1539231199504247,2010,8436,4499
1539231199532775,2011,1665,2534
1539231199555331,2012,1648,2546
1539231199577812,2013,1712,2566
1539231199600770,2014,2582,3000
1539231199625922,2015,8544,4512
1539231199655938,2016,1666,2535
1539231199679037,2017,1651,2545
1539231199702438,2018,1715,2579
1539231199724694,2019,2591,2993
1539231199749301,2020,8448,4498
1539231199778554,2021,1659,2564
1539231199801319,2022,1668,2567
1539231199823898,2023,1733,2577
1539231199847010,2024,2601,2980
1539231199872120,2025,8618,4505
1539231199901622,2026,1637,2555
1539231199924051,2027,1659,2531
1539231199946776,2028,1717,2580
1539231199970003,2029,2567,2992
1539231199993928,2030,8446,4569
1539231200023186,2031,1642,2582
1539231200045758,2032,1817,2607
1539231200069677,2033,1717,2571
1539231200092410,2034,2583,2995
1539231200117928,2035,8421,4494
1539231200146567,2036,1644,2545
1539231200169033,2037,1687,2545
1539231200192173,2038,1736,2577
1539231200215137,2039,2573,2975
1539231200240178,2040,8535,4498
1539231200269042,2041,1653,2534
1539231200291344,2042,1655,2560
1539231200313691,2043,1720,2571
1539231200335894,2044,2599,2985
1539231200360816,2045,8532,4504
1539231200390003,2046,1644,2547
1539231200412118,2047,1667,2535
1539231200435427,2048,1717,2573
1539231200458234,2049,2627,2992
1539231200482870,2050,8438,4518
1539231200511821,2051,1676,2547
1539231200534215,2052,1659,2565
1539231200557226,2053,1743,2581
1539231200579449,2054,2587,2977
1539231200604608,2055,8463,4515
1539231200634526,2056,1647,2548
1539231200656698,2057,1758,2558
1539231200679691,2058,1729,2569
1539231200702664,2059,2567,2987
1539231200727592,2060,8435,4511
1539231200756425,2061,1675,2528
1539231200779164,2062,1651,2546
1539231200802557,2063,1713,2573
1539231200825089,2064,2582,2981
1539231200851151,2065,8424,4502
1539231200879996,2066,1660,2525
1539231200902907,2067,1651,2549
1539231200925674,2068,1716,2578
1539231200948378,2069,2582,2998
1539231200973116,2070,8442,4494
1539231201002159,2071,1640,2576
1539231201024373,2072,1663,2575
1539231201047733,2073,1746,2568
1539231201070829,2074,2586,2984
1539231201095936,2075,8560,4513
1539231201125959,2076,1774,2548
1539231201148277,2077,1685,2548
1539231201171512,2078,1714,2588
1539231201194410,2079,2575,2983
1539231201219316,2080,8475,4500
1539231201249118,2081,1652,2537
1539231201271439,2082,1655,2543
1539231201294089,2083,1717,2575
1539231201316935,2084,2641,3012
1539231201342309,2085,8456,4493
1539231201371258,2086,1641,2535
1539231201393582,2087,1661,2536
1539231201416436,2088,1728,2563
1539231201438586,2089,2553,2984
1539231201463181,2090,8549,4508
1539231201492046,2091,1664,2528
1539231201514205,2092,1649,2560
1539231201536679,2093,1742,2564
1539231201559865,2094,2595,2997
1539231201585365,2095,8547,4495
1539231201614615,2096,1637,2545
1539231201637575,2097,1663,2549
1539231201660530,2098,1728,2554
1539231201682894,2099,2565,2980
1539231201707823,2100,8398,4515
1539231201736693,2101,1660,2538
1539231201758716,2102,1647,2575
1539231201781476,2103,1714,2577
1539231201803953,2104,2584,2982
1539231201828244,2105,8586,4498
1539231201858005,2106,1640,2554
1539231201880621,2107,1670,2533
1539231201903557,2108,1713,2574
1539231201926477,2109,2565,2978
1539231201951622,2110,8439,4518
1539231201980551,2111,1656,2520
1539231202003628,2112,1652,2564
1539231202026415,2113,1710,2609
1539231202049859,2114,2565,3010
1539231202075008,2115,8438,4507
1539231202104741,2116,1668,2533
1539231202127343,2117,1648,2554
1539231202149919,2118,1716,2576
1539231202172593,2119,2584,2992
1539231202197503,2120,8404,4507
1539231202226330,2121,1638,2547
1539231202248563,2122,1664,2529
1539231202270990,2123,1717,2587
1539231202293986,2124,2561,2988
1539231202319269,2125,8521,4495
1539231202348317,2126,1659,2520
1539231202371282,2127,1653,2556
1539231202394070,2128,1715,2576
1539231202416913,2129,2578,2991
1539231202442330,2130,8400,4508
1539231202471360,2131,1645,2548
1539231202493692,2132,1652,2540
1539231202516106,2133,1728,2574
1539231202538830,2134,2592,2975
1539231202563134,2135,8572,4509
1539231202593181,2136,1670,2539
1539231202615132,2137,1651,2557
1539231202638382,2138,1716,2580
1539231202661325,2139,2579,2984
1539231202686567,2140,8432,4527
1539231202715686,2141,1639,2551
1539231202738184,2142,1652,2552
1539231202761129,2143,1731,2572
1539231202784595,2144,2688,3014
1539231202809821,2145,8445,4515
1539231202839179,2146,1640,2552
1539231202861668,2147,1654,2548
1539231202884189,2148,1735,2548
1539231202906179,2149,2565,2985
1539231202931240,2150,8434,4496
1539231202960006,2151,1718,2565
1539231202982110,2152,1658,2550
1539231203005291,2153,1729,2595
1539231203028418,2154,2584,3043
1539231203054816,2155,8480,4502
1539231203083526,2156,1640,2544
1539231203105957,2157,1769,2544
1539231203128736,2158,1731,2568
1539231203151614,2159,2557,2972
1539231203176263,2160,8463,4490
1539231203205897,2161,1640,2557
1539231203228581,2162,1677,2540
1539231203250885,2163,1713,2588
1539231203273210,2164,2598,2980
1539231203297911,2165,8545,4493
1539231203327593,2166,1644,2544
1539231203350627,2167,1648,2569
1539231203373278,2168,1730,2585
1539231203396265,2169,2569,2998
1539231203420623,2170,8424,4521
1539231203449572,2171,1649,2554
1539231203472537,2172,1664,2534
1539231203495303,2173,1714,2571
1539231203518481,2174,2561,2982
1539231203543527,2175,8439,4510
1539231203573538,2176,1642,2543
1539231203596130,2177,1665,2541
1539231203618815,2178,1717,2574
1539231203641562,2179,2564,2998
1539231203666425,2180,8414,4510
1539231203695281,2181,1648,2553
1539231203717337,2182,1676,2547
1539231203739536,2183,1712,2578
1539231203762598,2184,2557,3061
1539231203788377,2185,8439,4490
1539231203816941,2186,1659,2533
1539231203839937,2187,1665,2549
1539231203862429,2188,1720,2596
1539231203884547,2189,2585,2997
1539231203909581,2190,8437,4518
1539231203938458,2191,1637,2523
1539231203960312,2192,1666,2584
1539231203983008,2193,1716,2571
1539231204006126,2194,2584,3034
1539231204030385,2195,10055,4631
1539231204061919,2196,1638,2553
1539231204084199,2197,1664,2535
1539231204107234,2198,1713,2559
1539231204130148,2199,2549,2999
1539231204155277,2200,8428,4490
1539231204184472,2201,1727,2531
1539231204207063,2202,1655,2554
1539231204230038,2203,1712,2581
1539231204252187,2204,2608,2988
1539231204277259,2205,8457,4487
1539231204306077,2206,1642,2545
1539231204328472,2207,1679,2538
1539231204351328,2208,1728,2572
1539231204374369,2209,2566,2982
1539231204398682,2210,8420,4516
1539231204427860,2211,1652,2536
1539231204449835,2212,1655,2539
1539231204473184,2213,1726,2585
1539231204496224,2214,2581,3003
1539231204521558,2215,8395,4511
1539231204550467,2216,1638,2552
1539231204573524,2217,1656,2565
1539231204596041,2218,1740,2564
1539231204619147,2219,2571,2973
1539231204644556,2220,8450,4521
1539231204673514,2221,1641,2557
1539231204695381,2222,1645,2557
1539231204717811,2223,1714,2587
1539231204740042,2224,2576,3025
1539231204765028,2225,9006,4524
1539231204795045,2226,1643,2566
1539231204818013,2227,1653,2551
1539231204841213,2228,1739,2585
1539231204864190,2229,2587,2984
1539231204888936,2230,8424,4511
1539231204917968,2231,1641,2542
1539231204940418,2232,1680,2547
1539231204963580,2233,1875,2585
1539231204986039,2234,2581,2995
1539231205011518,2235,8519,4560
1539231205041915,2236,1774,2583
1539231205064517,2237,1678,2535
1539231205086944,2238,1716,2585
1539231205108988,2239,2589,2999
1539231205134016,2240,8430,4517
1539231205162940,2241,1639,2543
1539231205184659,2242,1661,2536
1539231205207634,2243,1715,2598
1539231205230762,2244,2562,2997
1539231205255783,2245,8487,4514
1539231205284490,2246,1653,2525
1539231205307394,2247,1653,2548
1539231205330021,2248,1725,2580
1539231205353033,2249,2557,2999
1539231205378142,2250,8442,4505
1539231205407137,2251,1639,2554
1539231205428873,2252,1681,2545
1539231205451460,2253,1708,2564
1539231205474120,2254,2564,2976
1539231205499108,2255,8548,4503
1539231205529253,2256,1674,2546
1539231205551821,2257,1666,2550
1539231205575183,2258,1716,2568
1539231205598176,2259,2566,2999
1539231205622737,2260,8423,4508
1539231205651832,2261,1660,2534
1539231205674338,2262,1652,2551
1539231205697137,2263,1732,2587
1539231205719298,2264,2583,2976
1539231205744649,2265,8429,4518
1539231205774466,2266,1809,2587
1539231205797020,2267,1678,2532
1539231205819670,2268,1718,2572
1539231205841897,2269,2568,2976
1539231205866877,2270,8415,4507
1539231205896348,2271,1659,2528
1539231205918406,2272,1648,2544
1539231205941037,2273,1726,2558
1539231205963519,2274,2676,2998
1539231205989348,2275,8526,4540
1539231206018448,2276,1639,2580
1539231206041822,2277,1748,2683
1539231206065085,2278,1731,2554
1539231206087920,2279,2584,2993
1539231206113263,2280,8574,4504
1539231206142459,2281,1639,2568
1539231206165379,2282,1667,2566
1539231206187630,2283,1718,2582
1539231206210075,2284,2574,2988
1539231206235033,2285,8538,4488
1539231206264923,2286,1655,2529
1539231206287424,2287,1653,2547
1539231206310619,2288,1714,2590
1539231206333150,2289,2600,2994
1539231206357678,2290,8452,4503
1539231206386630,2291,1648,2545
1539231206408552,2292,1671,2529
1539231206431816,2293,1730,2561
1539231206453857,2294,2569,2982
1539231206479389,2295,8442,4512
1539231206509039,2296,1668,2525
1539231206531690,2297,1650,2543
1539231206554327,2298,1714,2574
1539231206576495,2299,2591,2980
1539231206601234,2300,8463,4497
1539231206629926,2301,1636,2545
1539231206651857,2302,1678,2532
1539231206674648,2303,1746,2611
1539231206697103,2304,2580,2989
1539231206722176,2305,8427,4490
1539231206750901,2306,1636,2549
1539231206774249,2307,1781,2584
1539231206797339,2308,1734,2579
1539231206820333,2309,2560,2994
1539231206845054,2310,8483,4489
1539231206874070,2311,1637,2563
1539231206896231,2312,1662,2532
1539231206918834,2313,1717,2567
1539231206941048,2314,2589,2992
1539231206965984,2315,8688,4496
1539231206996092,2316,1656,2533
1539231207018240,2317,1657,2571
1539231207041601,2318,1825,2606
1539231207064278,2319,2584,2990
1539231207089590,2320,8447,4497
1539231207118473,2321,1640,2562
1539231207140595,2322,1676,2548
1539231207163665,2323,1721,2604
1539231207186670,2324,2580,3003
1539231207211505,2325,8479,4513
1539231207241182,2326,1670,2520
1539231207263600,2327,1651,2551
1539231207285879,2328,1718,2573
1539231207308680,2329,2589,2992
1539231207333429,2330,8405,4523
1539231207362494,2331,1642,2560
1539231207384335,2332,1676,2531
1539231207407595,2333,1723,2586
1539231207430306,2334,2561,2990
1539231207455432,2335,8404,4552
1539231207484319,2336,1670,2534
1539231207506851,2337,1656,2540
1539231207529591,2338,1721,2558
1539231207552480,2339,2564,2997
1539231207577164,2340,8418,4498
1539231207606003,2341,1640,2541
1539231207628315,2342,1661,2539
1539231207650920,2343,1714,2580
1539231207673602,2344,2569,2977
1539231207698170,2345,8533,4503
1539231207727198,2346,1648,2539
1539231207750160,2347,1651,2538
1539231207773694,2348,1798,2613
1539231207797293,2349,2744,2991
1539231207822532,2350,8535,4546
1539231207851571,2351,1639,2540
1539231207873940,2352,1656,2571
1539231207896770,2353,1744,2570
1539231207919258,2354,2594,2984
1539231207944280,2355,8433,4506
1539231207973120,2356,1656,2529
1539231207995242,2357,1651,2542
1539231208017650,2358,1718,2630
1539231208039974,2359,2840,3157
1539231208065388,2360,8440,4501
1539231208094322,2361,1643,2547
1539231208116286,2362,1671,2528
1539231208138832,2363,1719,2568
1539231208162043,2364,2573,3000
1539231208186926,2365,8412,4499
1539231208215908,2366,1658,2534
1539231208238471,2367,1657,2560
1539231208260836,2368,1736,2569
1539231208283822,2369,2555,2985
1539231208308877,2370,8405,4517
1539231208337963,2371,1645,2546
1539231208360873,2372,1672,2538
1539231208383198,2373,1712,2578
1539231208405569,2374,2561,3003
1539231208430121,2375,8614,4495
1539231208460313,2376,1665,2543
1539231208483548,2377,1652,2555
1539231208506642,2378,1718,2575
1539231208528899,2379,2597,3002
1539231208553412,2380,8449,4489
1539231208581940,2381,1641,2550
1539231208604199,2382,1666,2534
1539231208626806,2383,1712,2573
1539231208649753,2384,2566,2988
1539231208675306,2385,8478,4498
1539231208704952,2386,1654,2540
1539231208727593,2387,1651,2531
1539231208750181,2388,1713,2588
1539231208773255,2389,2685,2995
1539231208798334,2390,8449,4507
1539231208827367,2391,1643,2533
1539231208849733,2392,1652,2569
1539231208872879,2393,1729,2556
1539231208895292,2394,2574,2986
1539231208920548,2395,8391,4523
1539231208949484,2396,1648,2562
1539231208972356,2397,1681,2538
1539231208995065,2398,1715,2579
1539231209017540,2399,2558,3018
1539231209043951,2400,8475,4488
1539231209072891,2401,1651,2525
1539231209095875,2402,1662,2546
1539231209118328,2403,1714,2592
1539231209141585,2404,2569,2988
1539231209166477,2405,8636,4499
1539231209195653,2406,1640,2550
1539231209218352,2407,1654,2540
1539231209240674,2408,1726,2571
1539231209263798,2409,2567,2987
1539231209288664,2410,8443,4506
1539231209318144,2411,1645,2559
1539231209340774,2412,1681,2534
1539231209363897,2413,1734,2565
1539231209386181,2414,2570,2991
1539231209411750,2415,8402,4514
1539231209441010,2416,1670,2535
1539231209463700,2417,1653,2558
1539231209486149,2418,1714,2591
1539231209508883,2419,2601,2993
1539231209533442,2420,8398,4516
1539231209562229,2421,1642,2550
1539231209583957,2422,1679,2561
1539231209606351,2423,1725,2584
1539231209629260,2424,2585,2985
1539231209654704,2425,8528,4498
1539231209684286,2426,1660,2529
1539231209707132,2427,1656,2551
1539231209729328,2428,1735,2574
1539231209752384,2429,2557,2974
1539231209778283,2430,8517,4497
1539231209807354,2431,1643,2536
1539231209830101,2432,1649,2559
1539231209852189,2433,1737,2579
1539231209874584,2434,2562,3001
1539231209898704,2435,8551,4494
1539231209928219,2436,1652,2535
1539231209950818,2437,1648,2539
1539231209973810,2438,1714,2579
1539231209996846,2439,2599,3031
1539231210021890,2440,8485,4566
1539231210051425,2441,1642,2532
1539231210074001,2442,1655,2543
1539231210096178,2443,1723,2557
1539231210119027,2444,2570,2981
1539231210144362,2445,8421,4509
1539231210174379,2446,1644,2539
1539231210196692,2447,1682,2532
1539231210219685,2448,1735,2569
1539231210241851,2449,2554,2984
1539231210266923,2450,8418,4501
1539231210295543,2451,1643,2546
1539231210318142,2452,1650,2550
1539231210340769,2453,1724,2556
1539231210363695,2454,2580,2980
1539231210389011,2455,8531,4505
1539231210418518,2456,1641,2555
1539231210441807,2457,1654,2529
1539231210464121,2458,1735,2552
1539231210487129,2459,2561,2973
1539231210512323,2460,8455,4504
1539231210541077,2461,1667,2531
1539231210563074,2462,1649,2554
1539231210585383,2463,1721,2575
1539231210608476,2464,2587,2980
1539231210633428,2465,8564,4490
1539231210662465,2466,1644,2543
1539231210684393,2467,1684,2556
1539231210707843,2468,1738,2557
1539231210730036,2469,2569,2988
1539231210754748,2470,8419,4573
1539231210783834,2471,1656,2536
1539231210806505,2472,1649,2550
1539231210829736,2473,1715,2575
1539231210852860,2474,2582,2978
1539231210878214,2475,8486,4523
1539231210907631,2476,1645,2538
1539231210930379,2477,1657,2557
1539231210953312,2478,1741,2575
1539231210975644,2479,2594,2971
1539231211000595,2480,8398,4595
1539231211029464,2481,1638,2571
1539231211052275,2482,1670,2530
1539231211075093,2483,1726,2566
1539231211097929,2484,2561,2985
1539231211123429,2485,8523,4497
1539231211152060,2486,1674,2532
1539231211175197,2487,1650,2555
1539231211197480,2488,1714,2578
1539231211220430,2489,2584,2991
1539231211246145,2490,8454,4499
1539231211274846,2491,1638,2547
1539231211296772,2492,1669,2545
1539231211319181,2493,1778,2613
1539231211341255,2494,2575,2992
1539231211366696,2495,8531,4509
1539231211396189,2496,1656,2542
1539231211418825,2497,1656,2550
1539231211442041,2498,1713,2581
1539231211464997,2499,2583,2992
1539231211489925,2500,8419,4503
1539231211519343,2501,1646,2558
1539231211541770,2502,1656,2556
1539231211564760,2503,1730,2564
1539231211587814,2504,2592,2978
1539231211612925,2505,8413,4524
1539231211642256,2506,1649,2541
1539231211664583,2507,1674,2538
1539231211687079,2508,1718,2574
1539231211710238,2509,2552,2981
1539231211734847,2510,8422,4514
1539231211764403,2511,1666,2610
1539231211786908,2512,1886,2591
1539231211810254,2513,1714,2581
1539231211833157,2514,2711,3033
1539231211858403,2515,8540,4499
1539231211887754,2516,1658,2537
1539231211910314,2517,1658,2539
1539231211933150,2518,1733,2583
1539231211956220,2519,2577,2996
1539231211981442,2520,8408,4495
1539231212010007,2521,1640,2599
1539231212032080,2522,1672,2578
1539231212054704,2523,1711,2586
1539231212077718,2524,2579,3000
1539231212102148,2525,8553,4509
1539231212132296,2526,1658,2542
1539231212154205,2527,1649,2559
1539231212177301,2528,1733,2583
1539231212199936,2529,2596,2997
1539231212224591,2530,8404,4522
1539231212253279,2531,1668,2543
1539231212275683,2532,1655,2558
1539231212298282,2533,1712,2573
1539231212320922,2534,2608,3001
1539231212346020,2535,8466,4513
1539231212374768,2536,1646,2538
1539231212397335,2537,1667,2541
1539231212420460,2538,1732,2556
1539231212442820,2539,2575,3004
1539231212467914,2540,8528,4504
1539231212497199,2541,1668,2550
1539231212519141,2542,1652,2556
1539231212542312,2543,1715,2573
1539231212565455,2544,2553,2990
1539231212590658,2545,8425,4506
1539231212619488,2546,1643,2539
1539231212642528,2547,1650,2546
1539231212664911,2548,1726,2556
1539231212687406,2549,2563,2975
1539231212712078,2550,8401,4501
1539231212740892,2551,1656,2534
1539231212763347,2552,1646,2598
1539231212785724,2553,1712,2570
1539231212808382,2554,2587,3003
1539231212832103,2555,8542,4495
1539231212862102,2556,1640,2544
1539231212884347,2557,1676,2532
1539231212906912,2558,1720,2567
1539231212929878,2559,2558,3005
1539231212954587,2560,8445,4504
1539231212984222,2561,1658,2536
1539231213006975,2562,1651,2620
1539231213029601,2563,1718,2644
1539231213052136,2564,2593,3009
1539231213077174,2565,8471,4494
1539231213105928,2566,1638,2545
1539231213128486,2567,1678,2540
1539231213150712,2568,1722,2577
1539231213173488,2569,2571,2992
1539231213198626,2570,8439,4497
1539231213227579,2571,1645,2532
1539231213249542,2572,1658,2550
1539231213271604,2573,1717,2582
1539231213294478,2574,2552,2965
1539231213319928,2575,8491,4491
1539231213348937,2576,1667,2531
1539231213371719,2577,1649,2548
1539231213394136,2578,1718,2577
1539231213416984,2579,2583,2995
1539231213441679,2580,8432,4492
1539231213470709,2581,1640,2545
1539231213493119,2582,1668,2527
1539231213515649,2583,1715,2579
1539231213537877,2584,2561,2985
1539231213561788,2585,8528,4496
1539231213591782,2586,1655,2536
1539231213614581,2587,1648,2553
1539231213637603,2588,1718,2569
1539231213660421,2589,2576,2986
1539231213684989,2590,8478,4500
1539231213714017,2591,1639,2573
1539231213736443,2592,1678,2540
1539231213759837,2593,1730,2575
1539231213783109,2594,2585,2975
1539231213808257,2595,8407,4500
1539231213837069,2596,1656,2540
1539231213859524,2597,1651,2544
1539231213882269,2598,1709,2580
1539231213904560,2599,2581,2992
1539231213929367,2600,8436,4512
1539231213958256,2601,1643,2558
1539231213980449,2602,1671,2541
1539231214002728,2603,1714,2621
1539231214025890,2604,2562,3029
1539231214051838,2605,8531,4499
1539231214080769,2606,1664,2527
1539231214103568,2607,1650,2541
1539231214126893,2608,1722,2586
1539231214149881,2609,2542,2978
1539231214175146,2610,8441,4537
1539231214204497,2611,1653,2533
1539231214226677,2612,1649,2550
1539231214249340,2613,1727,2594
1539231214272535,2614,2598,2986
1539231214296817,2615,8530,4514
1539231214326850,2616,1649,2552
1539231214349887,2617,1656,2546
1539231214373106,2618,1740,2584
1539231214396308,2619,2583,2996
1539231214421416,2620,8512,4520
1539231214450796,2621,1646,2545
1539231214473263,2622,1662,2577
1539231214496503,2623,1734,2559
1539231214519096,2624,2595,2966
1539231214544103,2625,8430,4496
1539231214573737,2626,1637,2554
1539231214596274,2627,1674,2540
1539231214618498,2628,1712,2582
1539231214640763,2629,2587,2988
1539231214665524,2630,8480,4515
1539231214694357,2631,1641,2542
1539231214716426,2632,1670,2532
1539231214739387,2633,1719,2579
1539231214762417,2634,2554,3073
1539231214787871,2635,8441,4496
1539231214816865,2636,1661,2544
1539231214839811,2637,1663,2541
1539231214862825,2638,1720,2591
1539231214885422,2639,2562,2997
1539231214910550,2640,8448,4500
1539231214939569,2641,1647,2555
1539231214961939,2642,1657,2562
1539231214984636,2643,1725,2576
1539231215007593,2644,2601,3026
1539231215032070,2645,10164,4566
1539231215063202,2646,1644,2556
1539231215085603,2647,1655,2542
1539231215107789,2648,1745,2563
1539231215130541,2649,2566,2983
1539231215155367,2650,8467,4506
1539231215184507,2651,1659,2528
1539231215207122,2652,1649,2544
1539231215230184,2653,1713,2571
1539231215252985,2654,2600,2990
1539231215278323,2655,8450,4500
1539231215307560,2656,1643,2544
1539231215330109,2657,1653,2538
1539231215352372,2658,1741,2564
1539231215374838,2659,2577,2972
1539231215399482,2660,8453,4505
1539231215428186,2661,1666,2536
1539231215450368,2662,1658,2553
1539231215473119,2663,1725,2590
1539231215496253,2664,2590,2993
1539231215521241,2665,8443,4490
1539231215549869,2666,1645,2529
1539231215573078,2667,1686,2536
1539231215595556,2668,1715,2584
1539231215618456,2669,2542,2984
1539231215643716,2670,8378,4504
1539231215672463,2671,1666,2532
1539231215694916,2672,1652,2553
1539231215717208,2673,1739,2587
1539231215740306,2674,2590,3000
1539231215764742,2675,8989,4538
1539231215795304,2676,1646,2560
1539231215818295,2677,1655,2557
1539231215841319,2678,1733,2583
1539231215863595,2679,2645,2988
1539231215888140,2680,8457,4513
1539231215917044,2681,1656,2533
1539231215939339,2682,1648,2553
1539231215962197,2683,1713,2586
1539231215985366,2684,2602,2997
1539231216010223,2685,8479,4569
1539231216040087,2686,1738,2557
1539231216062575,2687,1646,2549
1539231216085478,2688,1715,2581
1539231216108295,2689,2577,2997
1539231216133426,2690,8443,4499
1539231216162284,2691,1637,2552
1539231216184431,2692,1795,2536
1539231216207039,2693,1718,2595
1539231216229831,2694,2571,2990
1539231216255072,2695,8417,4517
1539231216283949,2696,1656,2533
1539231216306547,2697,1660,2559
1539231216329167,2698,1731,2570
1539231216351484,2699,2562,2971
1539231216376292,2700,8413,4506
1539231216405149,2701,1660,2547
1539231216427499,2702,1755,2592
1539231216450032,2703,1713,2579
1539231216472274,2704,2598,2998
1539231216497517,2705,8549,4489
1539231216527513,2706,1649,2547
1539231216550132,2707,1660,2546
1539231216573236,2708,1728,2575
1539231216596282,2709,2581,2987
1539231216621362,2710,8439,4489
1539231216650130,2711,1640,2544
1539231216673129,2712,1668,2528
1539231216695901,2713,1732,2574
1539231216718464,2714,2583,2987
1539231216743817,2715,8436,4509
1539231216773872,2716,1682,2547
1539231216795947,2717,1678,2538
1539231216818212,2718,1716,2568
1539231216840577,2719,2585,2982
1539231216865446,2720,8438,4491
1539231216894299,2721,1644,2538
1539231216916282,2722,1671,2531
1539231216938936,2723,1724,2577
1539231216962096,2724,2556,2976
1539231216987648,2725,8422,4511
1539231217016254,2726,1673,2567
1539231217039280,2727,1708,2654
1539231217062453,2728,1716,2570
1539231217084557,2729,2583,2993
1539231217109266,2730,8515,4507
1539231217138609,2731,1645,2549
1539231217161439,2732,1648,2548
1539231217183649,2733,1714,2582
1539231217206903,2734,2569,2982
1539231217231918,2735,8536,4502
1539231217261955,2736,1644,2547
1539231217284020,2737,1676,2532
1539231217307842,2738,1728,2559
1539231217330987,2739,2588,2993
1539231217355744,2740,8424,4513
1539231217384515,2741,1656,2536
1539231217407214,2742,1662,2541
1539231217429968,2743,1708,2570
1539231217452867,2744,2594,2985
1539231217477971,2745,8563,4499
1539231217507600,2746,1642,2550
1539231217530070,2747,1659,2545
1539231217553204,2748,1732,2590
1539231217575967,2749,2569,2994
1539231217600207,2750,8426,4507
1539231217629125,2751,1661,2534
1539231217651605,2752,1653,2549
1539231217673948,2753,1719,2565
1539231217696298,2754,2572,2996
1539231217722311,2755,8418,4512
1539231217751215,2756,1645,2561
1539231217773888,2757,1778,2594
1539231217796379,2758,1732,2575
1539231217819483,2759,2553,2984
1539231217844918,2760,8561,4503
1539231217873748,2761,1646,2558
1539231217896411,2762,1669,2545
1539231217919091,2763,1719,2601
1539231217941467,2764,2582,2984
1539231217965856,2765,8555,4496
1539231217996049,2766,1657,2535
1539231218018734,2767,1654,2577
1539231218042176,2768,1789,2595
1539231218065299,2769,2582,2988
1539231218090077,2770,8442,4484
1539231218119267,2771,1638,2560
1539231218141591,2772,1650,2554
1539231218164479,2773,1731,2566
1539231218187069,2774,2582,2982
1539231218212195,2775,8449,4507
1539231218241621,2776,1644,2541
1539231218264268,2777,1665,2544
1539231218287048,2778,1705,2578
1539231218309860,2779,2572,2976
1539231218334553,2780,8405,4501
1539231218364203,2781,1656,2530
1539231218386391,2782,1648,2552
1539231218409034,2783,1739,2556
1539231218432149,2784,2570,2990
1539231218457571,2785,8442,4478
1539231218486384,2786,1646,2548
1539231218509262,2787,1666,2555
1539231218531966,2788,1731,2570
1539231218554134,2789,2543,2974
1539231218579301,2790,8390,4495
1539231218608144,2791,1653,2534
1539231218630007,2792,1647,2550
1539231218652238,2793,1726,2570
1539231218674914,2794,2582,2980
1539231218699492,2795,8539,4497
1539231218728821,2796,1661,2533
1539231218750819,2797,1652,2554
1539231218773990,2798,1876,2596
1539231218796199,2799,2580,3001
1539231218820815,2800,8439,4532
1539231218849932,2801,1643,2541
1539231218872271,2802,1675,2533
1539231218895253,2803,1723,2595
1539231218917460,2804,2580,2986
1539231218942138,2805,8462,4506
1539231218970987,2806,1643,2544
1539231218993647,2807,1657,2550
1539231219016453,2808,1743,2594
1539231219038800,2809,2672,2994
1539231219063759,2810,8404,4538
1539231219093115,2811,1665,2503
1539231219115232,2812,1659,2563
1539231219138145,2813,1720,2580
1539231219161263,2814,2569,2988
1539231219187164,2815,8452,4517
1539231219216014,2816,1657,2532
1539231219239040,2817,1650,2549
1539231219261387,2818,1730,2569
1539231219284234,2819,2561,2982
1539231219309771,2820,8449,4524
1539231219338599,2821,1640,2547
1539231219360926,2822,1668,2540
1539231219383507,2823,1715,2567
1539231219406148,2824,2569,2988
1539231219430665,2825,8571,4512
1539231219459905,2826,1663,2531
1539231219482441,2827,1792,2591
1539231219505739,2828,1717,2573
1539231219528471,2829,2575,2988
1539231219553336,2830,8464,4486
1539231219582286,2831,1637,2549
1539231219604827,2832,1671,2541
1539231219628105,2833,1725,2564
1539231219651156,2834,2593,2985
1539231219676663,2835,8445,4514
1539231219705680,2836,1642,2549
1539231219728148,2837,1677,2541
1539231219750383,2838,1722,2584
1539231219772813,2839,2698,3018
1539231219797832,2840,8437,4513
1539231219827068,2841,1640,2575
1539231219849126,2842,1662,2537
1539231219871465,2843,1718,2579
1539231219894418,2844,2633,2975
1539231219919679,2845,8449,4492
1539231219948803,2846,1652,2527
1539231219971569,2847,1654,2564
1539231219994179,2848,1716,2575
1539231220016948,2849,2579,3022
1539231220042275,2850,8490,4501
1539231220071344,2851,1644,2545
1539231220093297,2852,1661,2565
1539231220115503,2853,1714,2595
1539231220138803,2854,2585,2989
1539231220163716,2855,8529,4506
1539231220193264,2856,1653,2549
1539231220215917,2857,1670,2529
1539231220238952,2858,1722,2569
1539231220261097,2859,2577,3004
1539231220285989,2860,8450,4480
1539231220314866,2861,1648,2548
1539231220337267,2862,1673,2570
1539231220360418,2863,1728,2560
1539231220382794,2864,2574,2993
1539231220407874,2865,8434,4510
1539231220437269,2866,1672,2539
1539231220459934,2867,1671,2530
1539231220482076,2868,1710,2604
1539231220504299,2869,2574,2991
1539231220529328,2870,8464,4503
1539231220558620,2871,1649,2551
1539231220580799,2872,1665,2532
1539231220603557,2873,1718,2573
1539231220625974,2874,2566,3005
1539231220651187,2875,8428,4506
1539231220679876,2876,1664,2538
1539231220702739,2877,1663,2546
1539231220725545,2878,1713,2591
1539231220748338,2879,2567,2996
1539231220773323,2880,8714,4511
1539231220803079,2881,1649,2560
1539231220825211,2882,1663,2562
1539231220847795,2883,1727,2567
1539231220870575,2884,2563,2991
1539231220894107,2885,8532,4508
1539231220923112,2886,1650,2562
1539231220946174,2887,1652,2539
1539231220969195,2888,1740,2571
1539231220992469,2889,2578,3000
1539231221017639,2890,8469,4588
1539231221046787,2891,1642,2552
1539231221069799,2892,1649,2556
1539231221092465,2893,1735,2564
1539231221114442,2894,2560,3017
1539231221139795,2895,8410,4503
1539231221168844,2896,1668,2534
1539231221191288,2897,1648,2536
1539231221214148,2898,1718,2570
1539231221236995,2899,2568,2992
1539231221262441,2900,8393,4495
1539231221291936,2901,1663,2545
1539231221314373,2902,1654,2550
1539231221337317,2903,1739,2571
1539231221360279,2904,2569,2988
1539231221385702,2905,8441,4504
1539231221414772,2906,1649,2537
1539231221437598,2907,1655,2561
1539231221460035,2908,1731,2557
1539231221482873,2909,2578,3025
1539231221508028,2910,8389,4509
1539231221537211,2911,1672,2553
1539231221560054,2912,1662,2539
1539231221582156,2913,1717,2588
1539231221604698,2914,2588,2999
1539231221629302,2915,8551,4491
1539231221658138,2916,1644,2531
1539231221680763,2917,1673,2542
1539231221703978,2918,1726,2566
1539231221726584,2919,2591,3011
1539231221751514,2920,8388,4513
1539231221780723,2921,1667,2544
1539231221803127,2922,1649,2561
1539231221825983,2923,1714,2589
1539231221849030,2924,2580,2983
1539231221874199,2925,8471,4504
1539231221902838,2926,1645,2545
1539231221925478,2927,1650,2558
1539231221948044,2928,1729,2568
1539231221970347,2929,2558,2987
1539231221995690,2930,8430,4556
1539231222024683,2931,1657,2561
1539231222047692,2932,1658,2549
1539231222070281,2933,1720,2580
1539231222092644,2934,2579,3004
1539231222117673,2935,8513,4504
1539231222146657,2936,1643,2545
1539231222169027,2937,1685,2532
1539231222191790,2938,1733,2569
1539231222214683,2939,2547,2994
1539231222239773,2940,8474,4492
1539231222268811,2941,1657,2539
1539231222291212,2942,1647,2557
1539231222313952,2943,1713,2581
1539231222336553,2944,2590,3006
1539231222362174,2945,8590,4498
1539231222390861,2946,1648,2554
1539231222413808,2947,1653,2553
1539231222436159,2948,1747,2563
1539231222459054,2949,2586,2983
1539231222483871,2950,8587,4503
1539231222513472,2951,1642,2537
1539231222535993,2952,1664,2529
1539231222558693,2953,1717,2587
1539231222581659,2954,2577,2992
1539231222606703,2955,8480,4505
1539231222635613,2956,1640,2548
1539231222657952,2957,1653,2548
1539231222680505,2958,1747,2573
1539231222702492,2959,2557,2984
1539231222726879,2960,8386,4508
1539231222755559,2961,1641,2562
1539231222778394,2962,1695,2552
1539231222801622,2963,1709,2599
1539231222824541,2964,2569,2992
1539231222849590,2965,8402,4502
1539231222878227,2966,1644,2549
1539231222900662,2967,1675,2528
1539231222923206,2968,1718,2592
1539231222945745,2969,2542,2978
1539231222970619,2970,8431,4495
1539231222999713,2971,1641,2605
1539231223022573,2972,1657,2590
1539231223045972,2973,1765,2582
1539231223069262,2974,2582,2987
1539231223093802,2975,8552,4501
1539231223123888,2976,1668,2557
1539231223146656,2977,1660,2546
1539231223170220,2978,1751,2586
1539231223193122,2979,2581,2985
1539231223218295,2980,8450,4492
1539231223246979,2981,1644,2548
1539231223269468,2982,1654,2547
1539231223291812,2983,1728,2559
1539231223314243,2984,2568,2990
1539231223339789,2985,8436,4492
1539231223368611,2986,1653,2539
1539231223391284,2987,1648,2544
1539231223414184,2988,1716,2574
1539231223436725,2989,2573,2996
1539231223461687,2990,8436,4512
1539231223490553,2991,1640,2544
1539231223512645,2992,1673,2539
1539231223535677,2993,1712,2579
1539231223558244,2994,2557,2992
1539231223583471,2995,8399,4524
1539231223612468,2996,1667,2538
1539231223634987,2997,1650,2554
1539231223657446,2998,1713,2568
1539231223680319,2999,2574,3002
1539231223705516,3000,8425,4508
1539231223734240,3001,1635,2551
1539231223756960,3002,1682,2534
1539231223780076,3003,1727,2570
1539231223802173,3004,2566,2991
1539231223826889,3005,8793,4520
1539231223856823,3006,1673,2528
1539231223879273,3007,1652,2550
1539231223902563,3008,1716,2571
1539231223925593,3009,2579,2987
1539231223950155,3010,8472,4512
1539231223978936,3011,1641,2551
1539231224001594,3012,1656,2580
1539231224023769,3013,1730,2613
1539231224047037,3014,2589,2985
1539231224071971,3015,8461,4496
1539231224101539,3016,1645,2532
1539231224124306,3017,1664,2547
1539231224146715,3018,1716,2573
1539231224168886,3019,2582,2999
1539231224194127,3020,8443,4497
1539231224223379,3021,1642,2547
1539231224245935,3022,1648,2551
1539231224268752,3023,1726,2557
1539231224291729,3024,2567,2973
1539231224316678,3025,8423,4512
1539231224345197,3026,1658,2533
1539231224368152,3027,1669,2537
1539231224390417,3028,1717,2580
1539231224412864,3029,2589,2996
1539231224438160,3030,8463,4497
1539231224467094,3031,1642,2555
1539231224488961,3032,1813,2560
1539231224512094,3033,1727,2554
1539231224534295,3034,2576,2985
1539231224558606,3035,8547,4503
1539231224588802,3036,1657,2533
1539231224611150,3037,1652,2558
1539231224634405,3038,1721,2580
1539231224657366,3039,2699,3001
1539231224681464,3040,8409,4504
1539231224710406,3041,1641,2541
1539231224732992,3042,1664,2539
1539231224755437,3043,1716,2575
1539231224777957,3044,2645,3000
1539231224803385,3045,8550,4491
1539231224833249,3046,1652,2561
1539231224855262,3047,1653,2549
1539231224878220,3048,1720,2573
1539231224901132,3049,2579,2987
1539231224926093,3050,8424,4503
1539231224955414,3051,1635,2542
1539231224977253,3052,1665,2547
1539231225000210,3053,1734,2605
1539231225023059,3054,2575,3037
1539231225048967,3055,8456,4500
1539231225078345,3056,1641,2535
1539231225101411,3057,1650,2562
1539231225124177,3058,1730,2562
1539231225147427,3059,2552,2982
1539231225172316,3060,8466,4502
1539231225201750,3061,1646,2550
1539231225224200,3062,1684,2543
1539231225246928,3063,1713,2575
1539231225269265,3064,2605,2992
1539231225293812,3065,8554,4505
1539231225323989,3066,1662,2551
1539231225346484,3067,1664,2550
1539231225369447,3068,1722,2586
1539231225392698,3069,2577,3007
1539231225417747,3070,8440,4510
1539231225447561,3071,1640,2534
1539231225470240,3072,1651,2560
1539231225493312,3073,1742,2578
1539231225516071,3074,2596,2982
1539231225541044,3075,8440,4505
1539231225569632,3076,1652,2557
1539231225592214,3077,1686,2541
1539231225614845,3078,1713,2572
1539231225637724,3079,2561,2978
1539231225662446,3080,8441,4498
1539231225691429,3081,1641,2543
1539231225713114,3082,1676,2537
1539231225735970,3083,1738,2567
1539231225758751,3084,2565,2983
1539231225784318,3085,8515,4510
1539231225813538,3086,1643,2549
1539231225836590,3087,1678,2540
1539231225858871,3088,1716,2574
1539231225881539,3089,2565,2981
1539231225906464,3090,8424,4519
1539231225935289,3091,1640,2548
1539231225957352,3092,1671,2540
1539231225980003,3093,1728,2560
1539231226002936,3094,2600,3009
1539231226027982,3095,9139,4927
1539231226058613,3096,1643,2550
1539231226080563,3097,1676,2532
1539231226103654,3098,1716,2574
1539231226126071,3099,2553,2978
1539231226150998,3100,8432,4517
1539231226179768,3101,1653,2534
1539231226202299,3102,1647,2544
1539231226224855,3103,1731,2557
1539231226247066,3104,2572,2967
1539231226272481,3105,8474,4504
1539231226302275,3106,1642,2557
1539231226324695,3107,1679,2534
1539231226347275,3108,1721,2578
1539231226369502,3109,2571,2988
1539231226394591,3110,8397,4497
1539231226423617,3111,1650,2537
1539231226445924,3112,1655,2549
1539231226469193,3113,1746,2581
1539231226491438,3114,2788,2967
1539231226516385,3115,8421,4494
1539231226544932,3116,1664,2536
1539231226568098,3117,1671,2611
1539231226590701,3118,1717,2581
1539231226613895,3119,2560,2985
1539231226639122,3120,8413,4505
1539231226667752,3121,1660,2529
1539231226690010,3122,1649,2568
1539231226712205,3123,1733,2553
1539231226734370,3124,2562,2991
1539231226758460,3125,8747,4595
1539231226789128,3126,1773,2544
1539231226811666,3127,1651,2551
1539231226834725,3128,1716,2568
1539231226858063,3129,2563,2982
1539231226882874,3130,8416,4500
1539231226911703,3131,1647,2540
1539231226934214,3132,1653,2547
1539231226957126,3133,1727,2592
1539231226979388,3134,2591,2973
1539231227004484,3135,8481,4604
1539231227034499,3136,1639,3023
1539231227058006,3137,1651,2553
1539231227080690,3138,1727,2564
1539231227102725,3139,2571,3006
1539231227127806,3140,8556,4506
1539231227156708,3141,1670,2537
1539231227178824,3142,1647,2556
1539231227201738,3143,1715,2583
1539231227224799,3144,2594,2998
1539231227250114,3145,8425,4504
1539231227278714,3146,1639,2561
1539231227301967,3147,1650,2542
1539231227325127,3148,1742,2577
1539231227347221,3149,2572,2980
1539231227372094,3150,8434,4514
1539231227401081,3151,1666,2538
1539231227422818,3152,1650,2571
1539231227445136,3153,1738,2586
1539231227468283,3154,2594,2997
1539231227492921,3155,8682,4499
1539231227522105,3156,1644,2555
1539231227544828,3157,1669,2538
1539231227567567,3158,1717,2601
1539231227590604,3159,2570,2979
1539231227615187,3160,8425,4510
1539231227644183,3161,1652,2543
1539231227666775,3162,1653,2555
1539231227689928,3163,1713,2584
1539231227712706,3164,2586,2998
1539231227737801,3165,8440,4506
1539231227766375,3166,1742,2586
1539231227789223,3167,1685,2548
1539231227811716,3168,1742,2570
1539231227834043,3169,2621,3007
1539231227859116,3170,8497,4499
1539231227888430,3171,1658,2532
1539231227910361,3172,1651,2556
1539231227933542,3173,1719,2577
1539231227956428,3174,2591,2990
1539231227981573,3175,8392,4525
1539231228010535,3176,1641,2594
1539231228033551,3177,1656,2636
1539231228057618,3178,1714,2578
1539231228079783,3179,2606,3023
1539231228104825,3180,8465,4514
1539231228134066,3181,1641,2542
1539231228156624,3182,1663,2535
1539231228178963,3183,1714,2592
1539231228201547,3184,2571,2996
1539231228226554,3185,8555,4500
1539231228256146,3186,1661,2535
1539231228278251,3187,1650,2546
1539231228301042,3188,1742,2566
1539231228323343,3189,2585,2977
1539231228348725,3190,8421,4527
1539231228377441,3191,1642,2556
1539231228399931,3192,1668,2553
1539231228422724,3193,1730,2575
1539231228444741,3194,2604,2995
1539231228469934,3195,8419,4499
1539231228499602,3196,1643,2567
1539231228522170,3197,1651,2552
1539231228544704,3198,1739,2570
1539231228566989,3199,2563,2982
1539231228592077,3200,8424,4498
1539231228620887,3201,1657,2531
1539231228643082,3202,1654,2555
1539231228666032,3203,1712,2580
1539231228689212,3204,2578,2980
1539231228714177,3205,8396,4513
1539231228743293,3206,1653,2546
1539231228766370,3207,1786,2641
1539231228790201,3208,1712,2599
1539231228812728,3209,2578,2994
1539231228837762,3210,8451,4481
1539231228866940,3211,1642,2551
1539231228889547,3212,1654,2553
1539231228912230,3213,1739,2561
1539231228934475,3214,2565,2987
1539231228958730,3215,8562,4492
1539231228988826,3216,1657,2528
1539231229011509,3217,1651,2578
1539231229034658,3218,1718,2618
1539231229058074,3219,2557,2984
1539231229082557,3220,8455,4510
1539231229111587,3221,1640,2542
1539231229134537,3222,1650,2554
1539231229157338,3223,1726,2578
1539231229180355,3224,2584,2998
1539231229205384,3225,8429,4531
1539231229234498,3226,1635,2561
1539231229256802,3227,1662,2541
1539231229278956,3228,1714,2574
1539231229301971,3229,2569,3001
1539231229327262,3230,8419,4503
1539231229355875,3231,1654,2533
1539231229377881,3232,1649,2555
1539231229400540,3233,1730,2568
1539231229422919,3234,2568,2970
1539231229448707,3235,8386,4511
1539231229477183,3236,1662,2516
1539231229500382,3237,1670,2533
1539231229523227,3238,1719,2569
1539231229546276,3239,2546,2981
1539231229570935,3240,8450,4505
1539231229599650,3241,1641,2544
1539231229621996,3242,1654,2563
1539231229644286,3243,1724,2569
1539231229666582,3244,2569,2996
1539231229690216,3245,8529,4490
1539231229720176,3246,1753,2536
1539231229742998,3247,1656,2565
1539231229766210,3248,1817,2623
1539231229788912,3249,2581,3001
1539231229814075,3250,8475,4511
1539231229843084,3251,1642,2548
1539231229865450,3252,1649,2568
1539231229887972,3253,1729,2560
1539231229910224,3254,2566,2984
1539231229935325,3255,8456,4502
1539231229965025,3256,1659,2530
1539231229987762,3257,1669,2525
1539231230011128,3258,1717,2596
1539231230033958,3259,2574,3029
1539231230058570,3260,8416,4515
1539231230087447,3261,1641,2546
1539231230109602,3262,1650,2542
1539231230132634,3263,1733,2552
1539231230155120,3264,2575,2969
1539231230180351,3265,8544,4497
1539231230209245,3266,1660,2541
1539231230231830,3267,1667,2547
1539231230254283,3268,1715,2571
1539231230277202,3269,2570,2989
1539231230302447,3270,8419,4498
1539231230331504,3271,1642,2548
1539231230354044,3272,1657,2553
1539231230376311,3273,1724,2576
1539231230398756,3274,2567,2991
1539231230423690,3275,8628,4494
1539231230453323,3276,1665,2543
1539231230476285,3277,1670,2536
1539231230499437,3278,1712,2574
1539231230522146,3279,2562,2979
1539231230546758,3280,8449,4498
1539231230575534,3281,1642,2542
1539231230598208,3282,1655,2549
1539231230620977,3283,1731,2568
1539231230643211,3284,2592,2973
1539231230667820,3285,8600,4493
1539231230696819,3286,1655,2538
1539231230719474,3287,1659,2563
1539231230741898,3288,1706,2577
1539231230764710,3289,2695,3029
1539231230790010,3290,8392,4515
1539231230819138,3291,1646,2549
1539231230841167,3292,1681,2532
1539231230864018,3293,1749,2562
1539231230886878,3294,2571,2971
1539231230912120,3295,8522,4506
1539231230941108,3296,1668,2534
1539231230964507,3297,1669,2546
1539231230987619,3298,1718,2570
1539231231010885,3299,2585,3029
1539231231036313,3300,8851,4520
1539231231065492,3301,1645,2545
1539231231088397,3302,1673,2540
1539231231110657,3303,1714,2589
1539231231133125,3304,2586,2996
1539231231157748,3305,8523,4488
1539231231187102,3306,1641,2539
1539231231209261,3307,1676,2565
1539231231232164,3308,1731,2569
1539231231254919,3309,2595,2981
1539231231280173,3310,8445,4495
1539231231309100,3311,1665,2531
1539231231331941,3312,1683,2544
1539231231355005,3313,1712,2594
1539231231377286,3314,2589,3004
1539231231402355,3315,8487,4511
1539231231431791,3316,1652,2527
1539231231454043,3317,1650,2555
1539231231476881,3318,1737,2563
1539231231499818,3319,2646,2992
1539231231525025,3320,8476,4496
1539231231553877,3321,1643,2542
1539231231575821,3322,1669,2536
1539231231598582,3323,1715,2565
1539231231620799,3324,2598,2994
1539231231645985,3325,8424,4507
1539231231674690,3326,1639,2537
1539231231697780,3327,1661,2554
1539231231720359,3328,1726,2579
1539231231742972,3329,2558,2976
1539231231767706,3330,8718,4527
1539231231797020,3331,1654,2540
1539231231819063,3332,1645,2542
1539231231841819,3333,1715,2565
1539231231863964,3334,2642,3001
1539231231888464,3335,8561,4519
1539231231918306,3336,1644,2555
1539231231941298,3337,1666,2540
1539231231964609,3338,1735,2569
1539231231987783,3339,2571,2978
1539231232013114,3340,8505,4580
1539231232042548,3341,1695,2649
1539231232064966,3342,1667,2534
1539231232088158,3343,1738,2562
1539231232110387,3344,2568,2987
1539231232135963,3345,8441,4501
1539231232165806,3346,1647,2537
1539231232188153,3347,1667,2535
1539231232210584,3348,1718,2573
1539231232233538,3349,2580,2986
1539231232258518,3350,8478,4493
1539231232287895,3351,1657,2532
1539231232309953,3352,1653,2547
1539231232332841,3353,1741,2556
1539231232355232,3354,2568,2968
1539231232380693,3355,8410,4517
1539231232409234,3356,1668,2546
1539231232432170,3357,1667,2547
1539231232455227,3358,1715,2577
1539231232478349,3359,2559,2977
1539231232503778,3360,8471,4496
1539231232532902,3361,1658,2536
1539231232555752,3362,1662,2538
1539231232578486,3363,1712,2591
1539231232600913,3364,2593,2992
1539231232625549,3365,8579,4491
1539231232655582,3366,1651,2570
1539231232678205,3367,1659,2561
1539231232701485,3368,1716,2604
1539231232724131,3369,2576,3003
1539231232749173,3370,8443,4515
1539231232778434,3371,1640,2553
1539231232800777,3372,1665,2534
1539231232823399,3373,1718,2572
1539231232845545,3374,2590,2990
1539231232870671,3375,8461,4502
1539231232899976,3376,1654,2531
1539231232922423,3377,1647,2548
1539231232945497,3378,1711,2572
1539231232968001,3379,2578,3010
1539231232992780,3380,8579,4620
1539231233021958,3381,1640,2585
1539231233044513,3382,1689,2537
1539231233067235,3383,1718,2581
1539231233090247,3384,2558,2983
1539231233115581,3385,8541,4508
1539231233144689,3386,1673,2535
1539231233167673,3387,1651,2596
1539231233190639,3388,1714,2576
1539231233213054,3389,2678,2998
1539231233238324,3390,8447,4513
1539231233266908,3391,1640,2540
1539231233288850,3392,1661,2543
1539231233311443,3393,1719,2596
1539231233334546,3394,2569,2986
1539231233359096,3395,8516,4505
1539231233389062,3396,1666,2529
1539231233411737,3397,1653,2551
1539231233435027,3398,1722,2573
1539231233457410,3399,2568,2977
1539231233482368,3400,8462,4501
1539231233511407,3401,1645,2543
1539231233533722,3402,1649,2550
1539231233556807,3403,1730,2582
1539231233579834,3404,2574,3022
1539231233605164,3405,8522,4507
1539231233634157,3406,1641,2557
1539231233656204,3407,1670,2534
1539231233678984,3408,1717,2577
1539231233701816,3409,2557,2994
1539231233726426,3410,8419,4502
1539231233755436,3411,1641,2541
1539231233778187,3412,1718,2557
1539231233801526,3413,1715,2591
1539231233823941,3414,2592,3008
1539231233849255,3415,8532,4495
1539231233877991,3416,1635,2521
1539231233900786,3417,1665,2538
1539231233923358,3418,1719,2584
1539231233946272,3419,2553,2992
1539231233971190,3420,8460,4516
1539231233999943,3421,1821,2650
1539231234022015,3422,1654,2596
1539231234044439,3423,1846,2617
1539231234067001,3424,2585,2979
1539231234090577,3425,8557,4497
1539231234120015,3426,1658,2571
1539231234142570,3427,1651,2538
1539231234165618,3428,1717,2565
1539231234188630,3429,2583,3009
1539231234212287,3430,8447,4532
1539231234241157,3431,1656,2534
1539231234263582,3432,1647,2560
1539231234286565,3433,1716,2566
1539231234308919,3434,2591,2981
1539231234333683,3435,8422,4496
1539231234363392,3436,1643,2541
1539231234385906,3437,1653,2543
1539231234408932,3438,1728,2554
1539231234431120,3439,2673,2984
1539231234456401,3440,8410,4493
1539231234485128,3441,1654,2521
1539231234507421,3442,1652,2541
1539231234530137,3443,1717,2571
1539231234553051,3444,2591,2995
1539231234578435,3445,8527,4509
1539231234607080,3446,1644,2538
1539231234629950,3447,1659,2564
1539231234652639,3448,1734,2561
1539231234675314,3449,2558,2967
1539231234700486,3450,8459,4524
1539231234729329,3451,1668,2551
1539231234751686,3452,1648,2559
1539231234774682,3453,1728,2600
1539231234798144,3454,2575,2984
1539231234823001,3455,8545,4522
1539231234852982,3456,1673,2531
1539231234875993,3457,1679,2534
1539231234899386,3458,1714,2573
1539231234922524,3459,2576,2996
1539231234947390,3460,8457,4498
1539231234976216,3461,1657,2532
1539231234998362,3462,1646,2611
1539231235021654,3463,1716,2625
1539231235045344,3464,2609,2992
1539231235070313,3465,8446,4513
1539231235098841,3466,1639,2534
1539231235121413,3467,1789,2588
1539231235143898,3468,1738,2566
1539231235166459,3469,2582,2994
1539231235191524,3470,8420,4508
1539231235220633,3471,1673,2531
1539231235242851,3472,1651,2561
1539231235265910,3473,1722,2567
1539231235288417,3474,2595,2983
1539231235313515,3475,8451,4520
1539231235342649,3476,1643,2538
1539231235365871,3477,1655,2544
1539231235388222,3478,1729,2574
1539231235410909,3479,2571,2981
1539231235436188,3480,8416,4501
1539231235465092,3481,1666,2527
1539231235487439,3482,1653,2546
1539231235510284,3483,1722,2580
1539231235532377,3484,2597,2999
1539231235556938,3485,8553,4504
1539231235586564,3486,1645,2548
1539231235609635,3487,1662,2552
1539231235632794,3488,1729,2558
1539231235655685,3489,2577,2966
1539231235680503,3490,8429,4524
1539231235709587,3491,1638,2538
1539231235732168,3492,1678,2550
1539231235755211,3493,1719,2584
1539231235778924,3494,2592,2998
1539231235804857,3495,8429,4508
1539231235834089,3496,1712,2568
1539231235856702,3497,1672,2545
1539231235879404,3498,1717,2577
1539231235901976,3499,2556,2986
1539231235927067,3500,8465,4492
1539231235956232,3501,1657,2531
1539231235978459,3502,1650,2559
1539231236002218,3503,1717,2654
1539231236025102,3504,2576,3025
1539231236050502,3505,8370,4496
1539231236079553,3506,1644,2545
1539231236102601,3507,1652,2549
1539231236125015,3508,1733,2560
1539231236147564,3509,2588,2972
1539231236172455,3510,8423,4511
1539231236201297,3511,1674,2558
1539231236223577,3512,1657,2553
1539231236246066,3513,1712,2574
1539231236269062,3514,2695,3010
1539231236294069,3515,8550,4524
1539231236323966,3516,1657,2543
1539231236346530,3517,1660,2544
1539231236369593,3518,1717,2578
1539231236391961,3519,2597,2998
1539231236416871,3520,8454,4516
1539231236445675,3521,1644,2552
1539231236468121,3522,1676,2544
1539231236491267,3523,1715,2573
1539231236513389,3524,2599,2989
1539231236538066,3525,8461,4501
1539231236567711,3526,1644,2537
1539231236590340,3527,1653,2556
1539231236612764,3528,1743,2561
1539231236635126,3529,2579,2962
1539231236660185,3530,8414,4481
1539231236689088,3531,1650,2522
1539231236711286,3532,1650,2548
1539231236733948,3533,1716,2571
1539231236756164,3534,2586,2995
1539231236781694,3535,8656,4508
1539231236811030,3536,1640,2558
1539231236833197,3537,1690,2548
1539231236855912,3538,1737,2562
1539231236878837,3539,2544,2999
1539231236904031,3540,8434,4501
1539231236932795,3541,1669,2520
1539231236955449,3542,1651,2550
1539231236977864,3543,1714,2583
1539231237000196,3544,2599,3037
1539231237024825,3545,8587,4650
1539231237055289,3546,1642,2554
1539231237077561,3547,1656,2570
1539231237100704,3548,1735,2568
1539231237123309,3549,2591,2963
1539231237147599,3550,8430,4514
1539231237176664,3551,1669,2536
1539231237199076,3552,1657,2563
1539231237222243,3553,1709,2572
1539231237244186,3554,2603,2987
1539231237269205,3555,8487,4491
1539231237298383,3556,1642,2549
1539231237321129,3557,1665,2560
1539231237343980,3558,1728,2570
1539231237367058,3559,2569,2979
1539231237392063,3560,8452,4506
1539231237420888,3561,1658,2536
1539231237443334,3562,1659,2549
1539231237466346,3563,1717,2595
1539231237489070,3564,2567,2980
1539231237514547,3565,8393,4496
1539231237543459,3566,1641,2550
1539231237566485,3567,1654,2549
1539231237589831,3568,1717,2570
1539231237612649,3569,2578,2988
1539231237637618,3570,8449,4493
1539231237666706,3571,1644,2556
1539231237689112,3572,1660,2535
1539231237711725,3573,1732,2564
1539231237734499,3574,2567,2996
1539231237759512,3575,8658,4623
1539231237790205,3576,1679,2552
1539231237812520,3577,1669,2545
1539231237835616,3578,1715,2564
1539231237858524,3579,2566,2976
1539231237883055,3580,8468,4495
1539231237912274,3581,1657,2544
1539231237934725,3582,1653,2540
1539231237957557,3583,1714,2590
1539231237979659,3584,2597,2986
1539231238004801,3585,8689,4566
1539231238034572,3586,1641,2578
1539231238056911,3587,1676,2546
1539231238079910,3588,1731,2560
1539231238102002,3589,2558,2998
1539231238126716,3590,8466,4511
1539231238155767,3591,1667,2539
1539231238178050,3592,1651,2559
1539231238201343,3593,1727,2587
1539231238224190,3594,2578,3002
1539231238249540,3595,8418,4494
1539231238278233,3596,1644,2555
1539231238301254,3597,1669,2556
1539231238324267,3598,1741,2573
1539231238347135,3599,2567,2971
1539231238372471,3600,8424,4525
1539231238401707,3601,1645,2547
1539231238424053,3602,1662,2536
1539231238446776,3603,1719,2584
1539231238469192,3604,2597,2997
1539231238493834,3605,8565,4518
1539231238522946,3606,1642,2546
1539231238545427,3607,1653,2541
1539231238567636,3608,1714,2601
1539231238590619,3609,2554,2984
1539231238615572,3610,8403,4515
1539231238644536,3611,1664,2532
1539231238667191,3612,1649,2563
1539231238690251,3613,1718,2573
1539231238713233,3614,2606,2986
1539231238738670,3615,8457,4515
1539231238767947,3616,1827,2609
1539231238791075,3617,1655,2567
1539231238814114,3618,1716,2570
1539231238837225,3619,2574,3014
1539231238861971,3620,8401,4506
1539231238891127,3621,1639,2565
1539231238913179,3622,1673,2535
1539231238935479,3623,1716,2580
1539231238958148,3624,2552,2995
1539231238983229,3625,8380,4490
1539231239012162,3626,1659,2558
1539231239034939,3627,1659,2595
1539231239057373,3628,1732,2593
1539231239080387,3629,2577,2999
1539231239105578,3630,8431,4508
1539231239134742,3631,1648,2591
1539231239157131,3632,1681,2538
1539231239179778,3633,1735,2572
1539231239202174,3634,2563,2980
1539231239226992,3635,8567,4518
1539231239256866,3636,1667,2528
1539231239279336,3637,1660,2557
1539231239302610,3638,1713,2576
1539231239325874,3639,2562,2976
1539231239350438,3640,8429,4497
1539231239379511,3641,1638,2549
1539231239401768,3642,1651,2548
1539231239424505,3643,1724,2557
1539231239447545,3644,2604,2981
1539231239473067,3645,8481,4517
1539231239501677,3646,1641,2538
1539231239524225,3647,1664,2534
1539231239547204,3648,1715,2564
1539231239570118,3649,2668,2987
1539231239595150,3650,8463,4495
1539231239624088,3651,1664,2533
1539231239646211,3652,1652,2551
1539231239668988,3653,1734,2567
1539231239691950,3654,2584,3001
1539231239716945,3655,8424,4527
1539231239745699,3656,1641,2555
1539231239768812,3657,1842,2568
1539231239791755,3658,1737,2566
1539231239814959,3659,2556,2980
1539231239840409,3660,8441,4500
1539231239869145,3661,1665,2540
1539231239891795,3662,1665,2533
1539231239914494,3663,1712,2568
1539231239937143,3664,2594,2989
1539231239961605,3665,8524,4502
1539231239991704,3666,1643,2542
1539231240014838,3667,1658,2582
1539231240038092,3668,2009,2699
1539231240061462,3669,2563,2991
1539231240085504,3670,8443,4493
1539231240114388,3671,1637,2543
1539231240136793,3672,1676,2545
1539231240159552,3673,1710,2576
1539231240181556,3674,2568,2984
1539231240206452,3675,8459,4516
1539231240235512,3676,1646,2548
1539231240258200,3677,1654,2546
1539231240280956,3678,1728,2565
1539231240303065,3679,2581,2975
1539231240328079,3680,8396,4487
1539231240356706,3681,1657,2536
1539231240379134,3682,1650,2547
1539231240401932,3683,1727,2583
1539231240424769,3684,2581,2997
1539231240449956,3685,8447,4504
1539231240478658,3686,1647,2542
1539231240501690,3687,1650,2569
1539231240524343,3688,1744,2561
1539231240546512,3689,2559,2981
1539231240571691,3690,8423,4506
1539231240600226,3691,1661,2549
1539231240622872,3692,1652,2565
1539231240645306,3693,1741,2575
1539231240667952,3694,2603,2998
1539231240692485,3695,8532,4512
1539231240722411,3696,1650,2557
1539231240744806,3697,1683,2540
1539231240768509,3698,1894,2614
1539231240792284,3699,2583,2999
1539231240816830,3700,8457,4511
1539231240845565,3701,1645,2556
1539231240868069,3702,1674,2537
1539231240890849,3703,1710,2571
1539231240913667,3704,2580,3004
1539231240938605,3705,8436,4490
1539231240967884,3706,1660,2541
1539231240990400,3707,1655,2550
1539231241012969,3708,1821,2598
1539231241036129,3709,2708,3159
1539231241061715,3710,8459,4443
1539231241090504,3711,1639,2553
1539231241112508,3712,1664,2538
1539231241135625,3713,1713,2584
1539231241158314,3714,2551,2978
1539231241183562,3715,8502,4505
1539231241213094,3716,1652,2556
1539231241236132,3717,1672,2541
1539231241258495,3718,1717,2592
1539231241281506,3719,2551,2979
1539231241306788,3720,8437,4500
1539231241335732,3721,1643,2543
1539231241357945,3722,1660,2551
1539231241380493,3723,1733,2562
1539231241403679,3724,2588,2972
1539231241427993,3725,8552,4509
1539231241458213,3726,1646,2539
1539231241480537,3727,1670,2547
1539231241503729,3728,1732,2561
1539231241526476,3729,2556,2984
1539231241551863,3730,8454,4508
1539231241581291,3731,1668,2550
1539231241604005,3732,1672,2551
1539231241626717,3733,1716,2569
1539231241649676,3734,2583,2986
1539231241674970,3735,8447,4506
1539231241704148,3736,1656,2531
1539231241726475,3737,1649,2563
1539231241748702,3738,1738,2571
1539231241771493,3739,2699,2984
1539231241797014,3740,8516,4511
1539231241825958,3741,1640,2551
1539231241848081,3742,1664,2523
1539231241870499,3743,1715,2575
1539231241893066,3744,2589,2984
1539231241918814,3745,8417,4494
1539231241947488,3746,1642,2545
1539231241970105,3747,1653,2544
1539231241992860,3748,1740,2559
1539231242015337,3749,2614,3021
1539231242040585,3750,10349,4506
1539231242071168,3751,1651,2552
1539231242093471,3752,1654,2568
1539231242115738,3753,1726,2562
1539231242138211,3754,2575,2974
1539231242163251,3755,8551,4508
1539231242193364,3756,1657,2564
1539231242215964,3757,1679,2530
1539231242239524,3758,1719,2578
1539231242262455,3759,2564,2986
1539231242287018,3760,8429,4499
1539231242315897,3761,1661,2534
1539231242338287,3762,1652,2555
1539231242361505,3763,1712,2566
1539231242383682,3764,2609,2984
1539231242409025,3765,8558,4494
1539231242438216,3766,1644,2540
1539231242460710,3767,1667,2543
1539231242483212,3768,1723,2565
1539231242505341,3769,2588,2976
1539231242530532,3770,8428,4501
1539231242560032,3771,1690,2543
1539231242582479,3772,1664,2553
1539231242605559,3773,1709,2585
1539231242628360,3774,2582,3003
1539231242653059,3775,8462,4506
1539231242681872,3776,1643,2542
1539231242704492,3777,1678,2529
1539231242727576,3778,1717,2579
1539231242750494,3779,2553,2982
1539231242775759,3780,8708,4519
1539231242805041,3781,1666,2545
1539231242827558,3782,1660,2546
1539231242850061,3783,1711,2575
1539231242873158,3784,2581,2986
1539231242897894,3785,8548,4508
1539231242927989,3786,1659,2526
1539231242950532,3787,1652,2549
1539231242973858,3788,1714,2573
1539231242997106,3789,2579,3058
1539231243021510,3790,8462,4591
1539231243050890,3791,1643,2552
1539231243073378,3792,1678,2553
1539231243095965,3793,1728,2564
1539231243118309,3794,2570,2990
1539231243143626,3795,8483,4490
1539231243173838,3796,1644,2559
1539231243196115,3797,1665,2541
1539231243219395,3798,1714,2574
1539231243242397,3799,2567,2977
1539231243267027,3800,8421,4518
1539231243295861,3801,1655,2527
1539231243318092,3802,1648,2552
1539231243340448,3803,1740,2555
1539231243362788,3804,2577,2996
1539231243387971,3805,8558,4507
1539231243417060,3806,1655,2532
1539231243439972,3807,1681,2549
1539231243462584,3808,1716,2574
1539231243485482,3809,2551,2987
1539231243510636,3810,8569,4487
1539231243539476,3811,1637,2553
1539231243561923,3812,1651,2547
1539231243584609,3813,1730,2562
1539231243606809,3814,2561,3002
1539231243631144,3815,8510,4531
1539231243660981,3816,1658,2537
1539231243683644,3817,1651,2552
1539231243706310,3818,1717,2572
1539231243729182,3819,2584,2990
1539231243753683,3820,8455,4531
1539231243783367,3821,1639,2554
1539231243805829,3822,1653,2569
1539231243828880,3823,1844,2583
1539231243852213,3824,2594,2991
1539231243877487,3825,8500,4492
1539231243907157,3826,1640,2543
1539231243929664,3827,1652,2554
1539231243952422,3828,1729,2567
1539231243975254,3829,2589,2975
1539231244000092,3830,8577,4583
1539231244029272,3831,1655,2584
1539231244051906,3832,1674,2533
1539231244074584,3833,1714,2563
1539231244097623,3834,2569,2982
1539231244122868,3835,8652,4489
1539231244151821,3836,1656,2536
1539231244174728,3837,1657,2546
1539231244196953,3838,1729,2557
1539231244219958,3839,2563,2980
1539231244245283,3840,8446,4511
1539231244274296,3841,1647,2556
1539231244296419,3842,1678,2546
1539231244319157,3843,1714,2575
1539231244341719,3844,2582,2997
1539231244365527,3845,8526,4507
1539231244394569,3846,1642,2544
1539231244417450,3847,1657,2572
1539231244440187,3848,1740,2566
1539231244463195,3849,2612,2966
1539231244487438,3850,8439,4507
1539231244516115,3851,1680,2589
1539231244539059,3852,1651,2543
1539231244561329,3853,1739,2583
1539231244584020,3854,2598,2996
1539231244609141,3855,8436,4508
1539231244639150,3856,1641,2554
1539231244661725,3857,1655,2540
1539231244684430,3858,1750,2567
1539231244707101,3859,2575,2972
1539231244732165,3860,8469,4497
1539231244761030,3861,1657,2542
1539231244784266,3862,1718,2572
1539231244806933,3863,1721,2580
1539231244829824,3864,2559,2975
1539231244855139,3865,8441,4494
1539231244883992,3866,1655,2532
1539231244906696,3867,1651,2557
1539231244928969,3868,1728,2560
1539231244952092,3869,2563,3006
1539231244977318,3870,8491,4500
1539231245006623,3871,1641,2592
1539231245029330,3872,1683,2592
1539231245052189,3873,1725,2578
1539231245074929,3874,2599,2975
1539231245099607,3875,8546,4527
1539231245128634,3876,1671,2564
1539231245150940,3877,1656,2550
1539231245174092,3878,1720,2573
1539231245196981,3879,2592,2992
1539231245222036,3880,8425,4507
1539231245250984,3881,1640,2559
1539231245273691,3882,1653,2553
1539231245296515,3883,1729,2559
1539231245318889,3884,2579,2993
1539231245344101,3885,8441,4497
1539231245373756,3886,1641,2542
1539231245396543,3887,1667,2529
1539231245419339,3888,1710,2566
1539231245441765,3889,2578,2982
1539231245466673,3890,8421,4501
1539231245495762,3891,1659,2531
1539231245517636,3892,1694,2577
1539231245540407,3893,1730,2557
1539231245563664,3894,2578,2978
1539231245588784,3895,8669,4504
1539231245618023,3896,1641,2531
1539231245640181,3897,1665,2540
1539231245662462,3898,1712,2575
1539231245685637,3899,2616,3008
1539231245710493,3900,8496,4500
1539231245739507,3901,1635,2544
1539231245761973,3902,1649,2567
1539231245784851,3903,1843,2567
1539231245808352,3904,2574,3002
1539231245833312,3905,8609,4505
1539231245863416,3906,1643,2555
1539231245885950,3907,1657,2568
1539231245908512,3908,1745,2573
1539231245930829,3909,2557,2982
1539231245956470,3910,8433,4520
1539231245985092,3911,1676,2526
1539231246008029,3912,1670,2582
1539231246031388,3913,1714,2614
1539231246054087,3914,2591,2989
1539231246079092,3915,8471,4501
1539231246109063,3916,1656,2529
1539231246131849,3917,1663,2535
1539231246154070,3918,1719,2585
1539231246177183,3919,2584,2988
1539231246202020,3920,8433,4517
1539231246230838,3921,1645,2539
1539231246252725,3922,1671,2526
1539231246274924,3923,1717,2575
1539231246297868,3924,2570,2995
1539231246323410,3925,8423,4511
1539231246352096,3926,1663,2523
1539231246375231,3927,1652,2543
1539231246397898,3928,1716,2592
1539231246420859,3929,2576,3000
1539231246446182,3930,8406,4514
1539231246474915,3931,1636,2551
1539231246496974,3932,1665,2540
1539231246519269,3933,1776,2631
1539231246541741,3934,2577,2991
1539231246566325,3935,8545,4499
1539231246595873,3936,1659,2522
1539231246618073,3937,1654,2550
1539231246641187,3938,1728,2579
1539231246664320,3939,2583,3000
1539231246688699,3940,8444,4518
1539231246718065,3941,1643,2548
1539231246740749,3942,1669,2534
1539231246763910,3943,1732,2645
1539231246786688,3944,2599,3010
1539231246811869,3945,8450,4489
1539231246841657,3946,1644,2541
1539231246864147,3947,1675,2544
1539231246887191,3948,1714,2577
1539231246910090,3949,2572,2989
1539231246934832,3950,8557,4494
1539231246963852,3951,1656,2537
1539231246985749,3952,1647,2559
1539231247008604,3953,1728,2612
1539231247031921,3954,2580,3047
1539231247057360,3955,8434,4511
1539231247086024,3956,1641,2550
1539231247108168,3957,1680,2540
1539231247130698,3958,1823,2584
1539231247152906,3959,2665,2994
1539231247178159,3960,8412,4492
1539231247207208,3961,1647,2541
1539231247229635,3962,1654,2548
1539231247251878,3963,1735,2580
1539231247274170,3964,2579,2977
1539231247298139,3965,8559,4493
1539231247327928,3966,1669,2546
1539231247350551,3967,1651,2556
1539231247373673,3968,1719,2563
1539231247396821,3969,2601,2979
1539231247421922,3970,8426,4506
1539231247451178,3971,1645,2546
1539231247473695,3972,1652,2553
1539231247496621,3973,1735,2568
1539231247518999,3974,2583,3020
1539231247544168,3975,8495,4492
1539231247573843,3976,1647,2532
1539231247595989,3977,1670,2539
1539231247618575,3978,1717,2563
1539231247641609,3979,2583,2993
1539231247666469,3980,8452,4511
1539231247695339,3981,1641,2548
1539231247717669,3982,1656,2543
1539231247740431,3983,1731,2576
1539231247763704,3984,2626,3089
1539231247789975,3985,8890,4538
1539231247819853,3986,1668,2585
1539231247842485,3987,1656,2545
1539231247864704,3988,1829,2588
1539231247888034,3989,2561,2996
1539231247912579,3990,8462,4531
1539231247941569,3991,1644,2553
1539231247963519,3992,1649,2565
1539231247986243,3993,1713,2575
1539231248008941,3994,2751,3044
1539231248034224,3995,8999,4517
1539231248064867,3996,1657,2529
1539231248087166,3997,1654,2557
1539231248110278,3998,1714,2586
1539231248132813,3999,2594,2995
1539231248157515,4000,8440,4498
1539231248186539,4001,1642,2565
1539231248209036,4002,1665,2544
1539231248231735,4003,1734,2558
1539231248254089,4004,2577,2992
1539231248279108,4005,8477,4512
1539231248308677,4006,1669,2525
1539231248331147,4007,1654,2549
1539231248353699,4008,1717,2576
1539231248376398,4009,2597,2998
1539231248401506,4010,8408,4497
1539231248430290,4011,1650,2576
1539231248452534,4012,1677,2530
1539231248475725,4013,1733,2567
1539231248498985,4014,2570,2971
1539231248524155,4015,8576,4508
1539231248553953,4016,1676,2548
1539231248577122,4017,1678,2541
1539231248599423,4018,1716,2574
1539231248621844,4019,2554,2984
1539231248647026,4020,8435,4519
1539231248675802,4021,1654,2542
1539231248698801,4022,1650,2565
1539231248721115,4023,1732,2581
1539231248743549,4024,2590,2983
1539231248767727,4025,8987,4525
1539231248798106,4026,1646,2550
1539231248820763,4027,1669,2536
1539231248843760,4028,1729,2562
1539231248866653,4029,2574,3006
1539231248890644,4030,8449,4492
1539231248919721,4031,1640,2540
1539231248942295,4032,1656,2542
1539231248965348,4033,1729,2582
1539231248988116,4034,2609,2998
1539231249013375,4035,8478,4626
1539231249042835,4036,1738,2583
1539231249065512,4037,1657,2551
1539231249088552,4038,1724,2563
1539231249110674,4039,2560,2984
1539231249135867,4040,8421,4511
1539231249164984,4041,1656,2523
1539231249187155,4042,1647,2569
1539231249210084,4043,1715,2584
1539231249232861,4044,2580,2997
1539231249257854,4045,8392,4499
1539231249286640,4046,1640,2543
1539231249309467,4047,1652,2559
1539231249331807,4048,1744,2578
1539231249354454,4049,2550,2998
1539231249379703,4050,8448,4501
1539231249408449,4051,1656,2534
1539231249431585,4052,1654,2556
1539231249454490,4053,1718,2582
1539231249477037,4054,2588,2996
1539231249501684,4055,8511,4501
1539231249531852,4056,1672,2541
1539231249554192,4057,1652,2555
1539231249577294,4058,1743,2582
1539231249599619,4059,2589,2987
1539231249624445,4060,8416,4509
1539231249652997,4061,1672,2531
1539231249675327,4062,1651,2563
1539231249697619,4063,1714,2574
1539231249720570,4064,2602,3002
1539231249745630,4065,8443,4505
1539231249775393,4066,1642,2556
1539231249798428,4067,1655,2568
1539231249821107,4068,1747,2574
1539231249843914,4069,2585,2995
1539231249868451,4070,8436,4492
1539231249897268,4071,1657,2581
1539231249919467,4072,1656,2552
1539231249941937,4073,1724,2571
1539231249964575,4074,2576,2998
1539231249989656,4075,8495,4603
1539231250019712,4076,1820,2617
1539231250043836,4077,1787,2582
1539231250066825,4078,1716,2579
1539231250089842,4079,2540,3003
1539231250115447,4080,8436,4547
1539231250144672,4081,1654,2538
1539231250167257,4082,1653,2540
1539231250190130,4083,1818,2618
1539231250212518,4084,2596,3001
1539231250236905,4085,8541,4494
1539231250266390,4086,1643,2553
1539231250288416,4087,1673,2543
1539231250311299,4088,1717,2579
1539231250334446,4089,2566,2996
1539231250358547,4090,8413,4525
1539231250387418,4091,1637,2547
1539231250409764,4092,1650,2562
1539231250432530,4093,1867,2566
1539231250455428,4094,2595,2981
1539231250480359,4095,8481,4489
1539231250509296,4096,1659,2555
1539231250531840,4097,1669,2540
1539231250554089,4098,1715,2572
1539231250576934,4099,2571,3000
1539231250602124,4100,8424,4497
1539231250631223,4101,1643,2543
1539231250653343,4102,1667,2558
1539231250675349,4103,1718,2569
1539231250698637,4104,2552,2987
1539231250723585,4105,8421,4495
1539231250752601,4106,1654,2522
1539231250776198,4107,1702,2581
1539231250798989,4108,1718,2615
1539231250822000,4109,2549,2992
1539231250847162,4110,8412,4512
1539231250876016,4111,1662,2542
1539231250898631,4112,1649,2557
1539231250921189,4113,1731,2575
1539231250943422,4114,2578,2978
1539231250968187,4115,8565,4499
1539231250998270,4116,1643,2612
1539231251021496,4117,1653,2595
1539231251045652,4118,1845,2642
1539231251068844,4119,2582,3013
1539231251093884,4120,8492,4493
1539231251122618,4121,1638,2564
1539231251144966,4122,1667,2531
1539231251168123,4123,1735,2566
1539231251190046,4124,2568,2983
1539231251214663,4125,8530,4490
1539231251243970,4126,1656,2535
1539231251266835,4127,1651,2547
1539231251289077,4128,1730,2556
1539231251311915,4129,2578,2996
1539231251337081,4130,8425,4506
1539231251366320,4131,1639,2540
1539231251388613,4132,1664,2533
1539231251410905,4133,1714,2565
1539231251434080,4134,2550,3000
1539231251459175,4135,8408,4507
1539231251487680,4136,1640,2552
1539231251510211,4137,1650,2555
1539231251532652,4138,1732,2562
1539231251555500,4139,2565,2986
1539231251580907,4140,8430,4520
1539231251609669,4141,1638,2543
1539231251632047,4142,1687,2532
1539231251654296,4143,1716,2584
1539231251676753,4144,2620,2986
1539231251701443,4145,8524,4506
1539231251731400,4146,1643,2534
1539231251753981,4147,1652,2551
1539231251777631,4148,1789,2592
1539231251800752,4149,2691,2995
1539231251825991,4150,8625,4527
1539231251855348,4151,1642,2539
1539231251878027,4152,1708,2561
1539231251900942,4153,1730,2560
1539231251924098,4154,2593,2989
1539231251949248,4155,8478,4483
1539231251978540,4156,1643,2544
1539231252000623,4157,1757,2600
1539231252023723,4158,1731,2602
1539231252047070,4159,2656,2977
1539231252070831,4160,8429,4506
1539231252099613,4161,1638,2544
1539231252121651,4162,1652,2553
1539231252144558,4163,1730,2563
1539231252167652,4164,2594,2977
1539231252192586,4165,8416,4511
1539231252221554,4166,1642,2541
1539231252244295,4167,1677,2542
1539231252266851,4168,1714,2579
1539231252289233,4169,2590,2985
1539231252314488,4170,8433,4507
1539231252343406,4171,1640,2550
1539231252366026,4172,1658,2569
1539231252388661,4173,1725,2560
1539231252411722,4174,2591,2975
1539231252435418,4175,8567,4502
1539231252465308,4176,1675,2546
1539231252488292,4177,1678,2541
1539231252511447,4178,1719,2578
1539231252534771,4179,2555,2985
1539231252558935,4180,8446,4497
1539231252587563,4181,1642,2540
1539231252610038,4182,1651,2559
1539231252632579,4183,1727,2566
1539231252654896,4184,2600,2979
1539231252680037,4185,8459,4500
1539231252709664,4186,1641,2558
1539231252732102,4187,1665,2534
1539231252754191,4188,1726,2587
1539231252776935,4189,2758,3015
1539231252802267,4190,8438,4517
1539231252832187,4191,1674,2532
1539231252854375,4192,1644,2556
1539231252877485,4193,1713,2600
1539231252900566,4194,2582,2992
1539231252925802,4195,8443,4513
1539231252954780,4196,1647,2556
1539231252977857,4197,1654,2564
1539231253000877,4198,1829,2606
1539231253023852,4199,2568,3042
1539231253049806,4200,8478,4512
1539231253078977,4201,1645,2547
1539231253101346,4202,1664,2551
1539231253123707,4203,1731,2582
1539231253146297,4204,2574,2989
1539231253170407,4205,8556,4498
1539231253199690,4206,1641,2551
1539231253222752,4207,1651,2557
1539231253245959,4208,1717,2571
1539231253268859,4209,2590,2987
1539231253293313,4210,8445,4488
1539231253322100,4211,1652,2563
1539231253344526,4212,1670,2542
1539231253366815,4213,1710,2580
1539231253389688,4214,2575,2979
1539231253414714,4215,8474,4499
1539231253443280,4216,1641,2550
1539231253465831,4217,1737,2567
1539231253488737,4218,1730,2554
1539231253510771,4219,2578,2984
1539231253535894,4220,8408,4504
1539231253564770,4221,1656,2528
1539231253586870,4222,1652,2550
1539231253609450,4223,1722,2571
1539231253632618,4224,2567,3001
1539231253657827,4225,8408,4521
1539231253686837,4226,1647,2535
1539231253709088,4227,1669,2548
1539231253731594,4228,1712,2577
1539231253754554,4229,2556,2977
1539231253780632,4230,8978,4561
1539231253810740,4231,1649,2555
1539231253832839,4232,1660,2543
1539231253855327,4233,1714,2594
1539231253878228,4234,2569,2974
1539231253902194,4235,8541,4505
1539231253931786,4236,1658,2537
1539231253954811,4237,1652,2553
1539231253977997,4238,1714,2579
1539231254000917,4239,2715,3014
1539231254026160,4240,8627,4668
1539231254056329,4241,1667,2535
1539231254078679,4242,1649,2559
1539231254101598,4243,1719,2586
1539231254123695,4244,2588,3017
1539231254148395,4245,8495,4494
1539231254177864,4246,1644,2550
1539231254200371,4247,1665,2538
1539231254222598,4248,1723,2576
1539231254244947,4249,2579,3004
1539231254269622,4250,8442,4522
1539231254298536,4251,1638,2558
1539231254320416,4252,1664,2535
1539231254343588,4253,1714,2576
1539231254366340,4254,2556,2993
1539231254391515,4255,8506,4503
1539231254420897,4256,1675,2540
1539231254444066,4257,1665,2541
1539231254466699,4258,1716,2583
1539231254489123,4259,2597,2997
1539231254513962,4260,8465,4499
1539231254542994,4261,1637,2552
1539231254565175,4262,1666,2544
1539231254587252,4263,1713,2578
1539231254609715,4264,2568,2989
1539231254633763,4265,8534,4499
1539231254663586,4266,1639,2548
1539231254686392,4267,1653,2549
1539231254709806,4268,1716,2587
1539231254732425,4269,2616,2997
1539231254757109,4270,8471,4643
1539231254786721,4271,1691,2566
1539231254809507,4272,1732,2558
1539231254831948,4273,1734,2564
1539231254854825,4274,2567,2987
1539231254879750,4275,8456,4488
1539231254909140,4276,1658,2527
1539231254931789,4277,1674,2533
1539231254954851,4278,1716,2569
1539231254976861,4279,2573,2991
1539231255001978,4280,8450,4574
1539231255030893,4281,1672,2639
1539231255053661,4282,1654,2549
1539231255075926,4283,1736,2557
1539231255098393,4284,2561,2980
1539231255123587,4285,8520,4534
1539231255152982,4286,1760,2541
1539231255175985,4287,1672,2530
1539231255198305,4288,1719,2568
1539231255221154,4289,2570,3005
1539231255246577,4290,8445,4498
1539231255275588,4291,1639,2557
1539231255297515,4292,1657,2535
1539231255319967,4293,1736,2562
1539231255342739,4294,2560,2982
1539231255367611,4295,8536,4504
1539231255397144,4296,1662,2527
1539231255419074,4297,1658,2551
1539231255441076,4298,1735,2575
1539231255463969,4299,2567,2996
1539231255488592,4300,8431,4519
1539231255517424,4301,1644,2554
1539231255540205,4302,1664,2533
1539231255562526,4303,1719,2590
1539231255584773,4304,2593,2989
1539231255610669,4305,8413,4505
1539231255639516,4306,1642,2548
1539231255661820,4307,1657,2539
1539231255684325,4308,1730,2562
1539231255706861,4309,2573,2969
1539231255731859,4310,8401,4504
1539231255761430,4311,1707,2587
1539231255784543,4312,1749,2561
1539231255807785,4313,1730,2566
1539231255830287,4314,2642,3017
1539231255855501,4315,8412,4517
1539231255884211,4316,1668,2534
1539231255907257,4317,1650,2554
1539231255929688,4318,1718,2578
1539231255952669,4319,2582,2996
1539231255977727,4320,8438,4499
1539231256006730,4321,1641,2599
1539231256029196,4322,1662,2595
1539231256052155,4323,1728,2574
1539231256075343,4324,2580,2984
1539231256099771,4325,8533,4493
1539231256129872,4326,1646,2544
1539231256152933,4327,1680,2540
1539231256176114,4328,1734,2573
1539231256198368,4329,2556,2988
1539231256222001,4330,8424,4500
1539231256251127,4331,1642,2544
1539231256273701,4332,1657,2559
1539231256296533,4333,1739,2568
1539231256318825,4334,2601,2973
1539231256343975,4335,8417,4503
1539231256373219,4336,1666,2545
1539231256396035,4337,1677,2533
1539231256418642,4338,1714,2578
1539231256440844,4339,2568,2995
1539231256465647,4340,8417,4502
1539231256494769,4341,1650,2541
1539231256516815,4342,1672,2537
1539231256539657,4343,1715,2573
1539231256562539,4344,2564,2992
1539231256587972,4345,8454,4496
1539231256616593,4346,1656,2529
1539231256639802,4347,1672,2530
1539231256662140,4348,1712,2598
1539231256685098,4349,2572,3005
1539231256710288,4350,8410,4508
1539231256739389,4351,1643,2554
1539231256761661,4352,1652,2581
1539231256784825,4353,1861,2607
1539231256807682,4354,2597,2984
1539231256832171,4355,8568,4560
1539231256862066,4356,1644,2544
1539231256884864,4357,1671,2537
1539231256908428,4358,1738,2562
1539231256931428,4359,2569,2970
1539231256954996,4360,8481,4483
1539231256984083,4361,1656,2548
1539231257006479,4362,1650,2605
1539231257029507,4363,1710,2613
1539231257053368,4364,2584,2974
1539231257078381,4365,8436,4504
1539231257107256,4366,1644,2551
1539231257129928,4367,1645,2566
1539231257152654,4368,1740,2562
1539231257175038,4369,2572,2981
1539231257199979,4370,8448,4489
1539231257229119,4371,1656,2542
1539231257251291,4372,1653,2558
1539231257274416,4373,1719,2573
1539231257297255,4374,2591,2983
1539231257322407,4375,8491,4506
1539231257351041,4376,1644,2543
1539231257373626,4377,1654,2547
1539231257396043,4378,1728,2566
1539231257418722,4379,2555,2989
1539231257443843,4380,8440,4498
1539231257472772,4381,1662,2540
1539231257495266,4382,1657,2552
1539231257517619,4383,1716,2580
1539231257540810,4384,2592,2988
1539231257565350,4385,8563,4500
1539231257595463,4386,1644,2561
1539231257617966,4387,1658,2557
1539231257641010,4388,1740,2554
1539231257663994,4389,2595,2993
1539231257688459,4390,8457,4522
1539231257717219,4391,1665,2550
1539231257739726,4392,1654,2543
1539231257762414,4393,1711,2605
1539231257785961,4394,2656,3013
1539231257811649,4395,8435,4504
1539231257841000,4396,1655,2525
1539231257863452,4397,1653,2545
1539231257885716,4398,1723,2564
1539231257908631,4399,2587,2993
1539231257933581,4400,8431,4487
1539231257962501,4401,1644,2542
1539231257984846,4402,1677,2547
1539231258007354,4403,1719,2651
1539231258029639,4404,2555,3043
1539231258055380,4405,8442,4509
1539231258084666,4406,1671,2519
1539231258107415,4407,1650,2562
1539231258130661,4408,1720,2579
1539231258152981,4409,2595,2986
1539231258177790,4410,8427,4502
1539231258206802,4411,1643,2557
1539231258228556,4412,1665,2549
1539231258250701,4413,1711,2588
1539231258272896,4414,2603,3000
1539231258297387,4415,8545,4511
1539231258326374,4416,1654,2567
1539231258348144,4417,1672,2535
1539231258371797,4418,1733,2575
1539231258394634,4419,2561,2987
1539231258419508,4420,8407,4514
1539231258448312,4421,1668,2529
1539231258470641,4422,1649,2559
1539231258493503,4423,1713,2568
1539231258516463,4424,2606,2998
1539231258540922,4425,8465,4519
1539231258570498,4426,1646,2549
1539231258592759,4427,1677,2529
1539231258615786,4428,1738,2570
1539231258637942,4429,2558,2994
1539231258663164,4430,8414,4505
1539231258692026,4431,1663,2528
1539231258713835,4432,1650,2544
1539231258736306,4433,1724,2558
1539231258758899,4434,2566,2967
1539231258785268,4435,8715,4574
1539231258814380,4436,1643,2561
1539231258837123,4437,1666,2540
1539231258859333,4438,1719,2570
1539231258882232,4439,2558,2977
1539231258907482,4440,8427,4492
1539231258936300,4441,1656,2533
1539231258957961,4442,1650,2549
1539231258980306,4443,1728,2582
1539231259002975,4444,2583,3006
1539231259027647,4445,8605,4715
1539231259057933,4446,1644,2538
1539231259079862,4447,1668,2538
1539231259102108,4448,1713,2567
1539231259124713,4449,2596,3004
1539231259148326,4450,8413,4496
1539231259177111,4451,1655,2544
1539231259199649,4452,1655,2549
1539231259222587,4453,1711,2576
1539231259245737,4454,2576,2997
1539231259269977,4455,8406,4499
1539231259299842,4456,1657,2535
1539231259322193,4457,1651,2553
1539231259345354,4458,1729,2593
1539231259368395,4459,2570,2998
1539231259392932,4460,8441,4517
1539231259421691,4461,1645,2554
1539231259444352,4462,1666,2537
1539231259466569,4463,1718,2596
1539231259489554,4464,2561,2997
1539231259514605,4465,8412,4497
1539231259543465,4466,1647,2550
1539231259566170,4467,1656,2571
1539231259588442,4468,1733,2564
1539231259611195,4469,2559,2972
1539231259636536,4470,8453,4527
1539231259665270,4471,1653,2540
1539231259687857,4472,1666,2538
1539231259710548,4473,1715,2585
1539231259733528,4474,2573,2994
1539231259758514,4475,8592,4614
1539231259788903,4476,1785,2543
1539231259812163,4477,1670,2543
1539231259835495,4478,1715,2585
1539231259857609,4479,2568,2986
1539231259882939,4480,8443,4510
1539231259911772,4481,1672,2531
1539231259934254,4482,1662,2556
1539231259956908,4483,1741,2564
1539231259979079,4484,2593,2976
1539231260004435,4485,8641,4590
1539231260034394,4486,1641,2626
1539231260057187,4487,1678,2528
1539231260079729,4488,1751,2563
1539231260101972,4489,2569,2983
1539231260126605,4490,8520,4504
1539231260155347,4491,1638,2545
1539231260177485,4492,1654,2543
1539231260200576,4493,1728,2568
1539231260223762,4494,2571,2959
1539231260249057,4495,8555,4501
1539231260277904,4496,1644,2561
1539231260300924,4497,1673,2538
1539231260323501,4498,1715,2580
1539231260346427,4499,2545,2997
1539231260371417,4500,8419,4493
1539231260400257,4501,1654,2538
1539231260422154,4502,1647,2551
1539231260444774,4503,1726,2571
1539231260467784,4504,2585,2981
1539231260492434,4505,8566,4516
1539231260522478,4506,1640,2551
1539231260545067,4507,1664,2544
1539231260568538,4508,1728,2557
1539231260591578,4509,2597,2972
1539231260616476,4510,8427,4516
1539231260645128,4511,1670,2541
1539231260667655,4512,1650,2560
1539231260690270,4513,1728,2588
1539231260713307,4514,2618,2992
1539231260738377,4515,8413,4501
1539231260767191,4516,1778,2597
1539231260790509,4517,1670,2563
1539231260812862,4518,1728,2560
1539231260835091,4519,2685,2983
1539231260859753,4520,8410,4486
1539231260888297,4521,1658,2535
1539231260910237,4522,1646,2555
1539231260932710,4523,1740,2560
1539231260955732,4524,2594,2979
1539231260981105,4525,8475,4494
1539231261010068,4526,1744,2578
1539231261033207,4527,1668,2600
1539231261057282,4528,1728,2593
1539231261080104,4529,2590,2999
1539231261105278,4530,8456,4497
1539231261134432,4531,1642,2547
1539231261156247,4532,1672,2550
1539231261178470,4533,1713,2578
1539231261200908,4534,2591,3000
1539231261225602,4535,8513,4505
1539231261255627,4536,1644,2543
1539231261278207,4537,1658,2542
1539231261301225,4538,1748,2576
1539231261323713,4539,2596,3008
1539231261348791,4540,8415,4521
1539231261377623,4541,1646,2542
1539231261400126,4542,1664,2541
1539231261422861,4543,1718,2576
1539231261445468,4544,2580,2982
1539231261470879,4545,8446,4502
1539231261499998,4546,1662,2536
1539231261522567,4547,1649,2545
1539231261545556,4548,1714,2591
1539231261568404,4549,2589,2996
1539231261593267,4550,8456,4506
1539231261622252,4551,1646,2547
1539231261644250,4552,1687,2539
1539231261667294,4553,1721,2583
1539231261690713,4554,2559,2989
1539231261715847,4555,8399,4502
1539231261744502,4556,1656,2529
1539231261767137,4557,1824,2630
1539231261790214,4558,1745,2595
1539231261813525,4559,2557,2990
1539231261838606,4560,8434,4519
1539231261867357,4561,1646,2551
1539231261889032,4562,1681,2547
1539231261911433,4563,1713,2582
1539231261933718,4564,2576,2993
1539231261958270,4565,8562,4506
1539231261987091,4566,1650,2544
1539231262009221,4567,1819,2597
1539231262032485,4568,1729,2599
1539231262055874,4569,2567,3006
1539231262080553,4570,8443,4519
1539231262109739,4571,1638,2556
1539231262132457,4572,1669,2539
1539231262155206,4573,1718,2576
1539231262177973,4574,2575,2992
1539231262203002,4575,8397,4497
1539231262232252,4576,1655,2529
1539231262254843,4577,1656,2559
1539231262277608,4578,1716,2564
1539231262300215,4579,2571,2996
1539231262324658,4580,8455,4529
1539231262354019,4581,1646,2545
1539231262376050,4582,1677,2536
1539231262398928,4583,1716,2571
1539231262421982,4584,2557,3002
1539231262447137,4585,8434,4516
1539231262476240,4586,1671,2530
1539231262499183,4587,1651,2571
1539231262521968,4588,1719,2580
1539231262544939,4589,2567,3005
1539231262568765,4590,8427,4512
1539231262597753,4591,1641,2554
1539231262619446,4592,1648,2547
1539231262641777,4593,1714,2594
1539231262663952,4594,2591,3002
1539231262688861,4595,8587,4507
1539231262717707,4596,1640,2541
1539231262739849,4597,1677,2540
1539231262762180,4598,1712,2596
1539231262786241,4599,2584,3000
1539231262811248,4600,8410,4492
1539231262840121,4601,1670,2526
1539231262862683,4602,1655,2556
1539231262885510,4603,1733,2570
1539231262907610,4604,2576,2985
1539231262932663,4605,8428,4511
1539231262961947,4606,1639,2524
1539231262984043,4607,1678,2528
1539231263006442,4608,1714,2623
1539231263029258,4609,2574,3048
1539231263054555,4610,8441,4492
1539231263083235,4611,1640,2550
1539231263105368,4612,1666,2544
1539231263127501,4613,1737,2610
1539231263150878,4614,2562,3022
1539231263176454,4615,8411,4496
1539231263205300,4616,1656,2557
1539231263228233,4617,1684,2543
1539231263250338,4618,1715,2600
1539231263273005,4619,2572,2976
1539231263298087,4620,8426,4504
1539231263326854,4621,1706,2535
1539231263349359,4622,1662,2571
1539231263371992,4623,1724,2565
1539231263395126,4624,2581,2962
1539231263418832,4625,8540,4495
1539231263448522,4626,1654,2533
1539231263471497,4627,1657,2543
1539231263494643,4628,1714,2580
1539231263517149,4629,2589,2978
1539231263541348,4630,8578,4492
1539231263570251,4631,1709,2551
1539231263592410,4632,1667,2533
1539231263615503,4633,1718,2570
1539231263638310,4634,2571,2980
1539231263662639,4635,8482,4512
1539231263691521,4636,1643,2556
1539231263714307,4637,1656,2550
1539231263737226,4638,1729,2571
1539231263759955,4639,2572,3006
1539231263785932,4640,8635,4538
1539231263815084,4641,1644,2553
1539231263837452,4642,1651,2559
1539231263859577,4643,1712,2557
1539231263882411,4644,2552,2992
1539231263907399,4645,8411,4486
1539231263936240,4646,1655,2533
1539231263958586,4647,1650,2554
1539231263981775,4648,1724,2568
1539231264004038,4649,2587,3043
1539231264028916,4650,8601,4617
1539231264058408,4651,1641,2551
1539231264081077,4652,1660,2538
1539231264103581,4653,1713,2573
1539231264126052,4654,2566,3030
1539231264150332,4655,8508,4511
1539231264179902,4656,1679,2548
1539231264202985,4657,1660,2556
1539231264226209,4658,1719,2567
1539231264249315,4659,2581,2988
1539231264274083,4660,8421,4495
1539231264303319,4661,1641,2563
1539231264326166,4662,1651,2544
1539231264349159,4663,1746,2580
1539231264371883,4664,2586,2988
1539231264395554,4665,8477,4497
1539231264425020,4666,1654,2525
1539231264447562,4667,1649,2554
1539231264470158,4668,1716,2587
1539231264492283,4669,2573,2980
1539231264517326,4670,8538,4503
1539231264546336,4671,1639,2556
1539231264568315,4672,1682,2530
1539231264590862,4673,1715,2588
1539231264614106,4674,2556,2984
1539231264639230,4675,8410,4497
1539231264667903,4676,1661,2530
1539231264690586,4677,1662,2549
1539231264713258,4678,1728,2596
1539231264736020,4679,2546,3013
1539231264761024,4680,8679,4613
1539231264790678,4681,1639,2559
1539231264813610,4682,1649,2554
1539231264835918,4683,1725,2586
1539231264858367,4684,2578,2997
1539231264882749,4685,8575,4511
1539231264912167,4686,1658,2531
1539231264935347,4687,1649,2543
1539231264957725,4688,1719,2580
1539231264980742,4689,2582,2999
1539231265005428,4690,8562,4577
1539231265034921,4691,1650,2636
1539231265057471,4692,1647,2552
1539231265080084,4693,1732,2568
1539231265102852,4694,2582,2972
1539231265128333,4695,8668,4514
1539231265158039,4696,1644,2543
1539231265180011,4697,1678,2538
1539231265202261,4698,1714,2579
1539231265224549,4699,2590,2989
1539231265249178,4700,8448,4512
1539231265278259,4701,1639,2555
1539231265300551,4702,1680,2538
1539231265323446,4703,1714,2570
1539231265346301,4704,2555,2981
1539231265371540,4705,8389,4501
1539231265400801,4706,1655,2534
1539231265423447,4707,1654,2549
1539231265446082,4708,1720,2578
1539231265469126,4709,2574,2983
1539231265494487,4710,8440,4514
1539231265523559,4711,1640,2539
1539231265546072,4712,1806,2554
1539231265568479,4713,1732,2566
1539231265591561,4714,2611,2983
1539231265616826,4715,8542,4523
1539231265646329,4716,1645,2537
1539231265669142,4717,1668,2539
1539231265692053,4718,1728,2576
1539231265715226,4719,2608,2984
1539231265739776,4720,8419,4520
1539231265769031,4721,1824,2580
1539231265792928,4722,1787,2562
1539231265816440,4723,1733,2572
1539231265838716,4724,2575,2991
1539231265863759,4725,8445,4508
1539231265893039,4726,1654,2531
1539231265915426,4727,1652,2543
1539231265937987,4728,1712,2579
1539231265960405,4729,2570,3003
1539231265985331,4730,8493,4519
1539231266014561,4731,1641,2591
1539231266036693,4732,1667,2599
1539231266059466,4733,1716,2586
1539231266082586,4734,2560,2992
1539231266107958,4735,8450,4502
1539231266136898,4736,1658,2537
1539231266160030,4737,1757,2534
1539231266182492,4738,1716,2582
1539231266205650,4739,2566,2991
1539231266230598,4740,8440,4507
1539231266259585,4741,1651,2541
1539231266281690,4742,1653,2553
1539231266304226,4743,1729,2577
1539231266326353,4744,2572,2981
1539231266351479,4745,8507,4504
1539231266381532,4746,1641,2565
1539231266403865,4747,1663,2550
1539231266427029,4748,1719,2573
1539231266450001,4749,2563,2990
1539231266474564,4750,8436,4516
1539231266503418,4751,1641,2540
1539231266525725,4752,1651,2559
1539231266548191,4753,1794,2561
1539231266571340,4754,2583,2981
1539231266595713,4755,8399,4510
1539231266624814,4756,1667,2527
1539231266647129,4757,1653,2543
1539231266669328,4758,1730,2573
1539231266692470,4759,2572,2982
1539231266717555,4760,8439,4491
1539231266746432,4761,1642,2546
1539231266768679,4762,1805,2608
1539231266792441,4763,1822,2594
1539231266815980,4764,2564,3009
1539231266840829,4765,8437,4516
1539231266869601,4766,1648,2544
1539231266892267,4767,1679,2542
1539231266915428,4768,1721,2570
1539231266938441,4769,2541,2986
1539231266963192,4770,8442,4504
1539231266992696,4771,1658,2539
1539231267015372,4772,1650,2597
1539231267038198,4773,1898,2638
1539231267061177,4774,2600,2969
1539231267086290,4775,8554,4438
1539231267116138,4776,1676,2541
1539231267138401,4777,1653,2556
1539231267161612,4778,1715,2564
1539231267184125,4779,2589,2994
1539231267208746,4780,8456,4549
1539231267237641,4781,1649,2561
1539231267259858,4782,1666,2536
1539231267282559,4783,1717,2563
1539231267305342,4784,2587,3014
1539231267330180,4785,8432,4509
1539231267359314,4786,1646,2548
1539231267381513,4787,1655,2545
1539231267404870,4788,1739,2566
1539231267427103,4789,2583,2974
1539231267451029,4790,8462,4513
1539231267480769,4791,1671,2538
1539231267502852,4792,1657,2556
1539231267525737,4793,1717,2568
1539231267548060,4794,2741,2989
1539231267573736,4795,8522,4504
1539231267602509,4796,1639,2562
1539231267625275,4797,1669,2557
1539231267647757,4798,1731,2563
1539231267670000,4799,2559,2988
1539231267695397,4800,8420,4492
1539231267724329,4801,1653,2536
1539231267746441,4802,1657,2550
1539231267769357,4803,1891,2636
1539231267793011,4804,2730,3029
1539231267817760,4805,8548,4532
1539231267848005,4806,1670,2541
1539231267870311,4807,1657,2562
1539231267893124,4808,1728,2604
1539231267915819,4809,2583,2973
1539231267940424,4810,8435,4487
1539231267969130,4811,1659,2550
1539231267991621,4812,1650,2571
1539231268015082,4813,1712,2610
1539231268037990,4814,2850,3183
1539231268063802,4815,8452,4514
1539231268092972,4816,1670,2535
1539231268115228,4817,1656,2556
1539231268138147,4818,1712,2574
1539231268160948,4819,2578,2990
1539231268185577,4820,8530,4496
1539231268214482,4821,1639,2551
1539231268236888,4822,1664,2536
1539231268259037,4823,1717,2569
1539231268282003,4824,2548,2988
1539231268307485,4825,8393,4501
1539231268336537,4826,1654,2532
1539231268359387,4827,1653,2553
1539231268381563,4828,1719,2585
1539231268404655,4829,2566,2992
1539231268429363,4830,8559,4508
1539231268458291,4831,1645,2560
1539231268481079,4832,1659,2536
1539231268503643,4833,1709,2572
1539231268526303,4834,2572,2983
1539231268551011,4835,8599,4501
1539231268580858,4836,1667,2538
1539231268603524,4837,1655,2547
1539231268627085,4838,1714,2579
1539231268650067,4839,2569,2978
1539231268674778,4840,8429,4506
1539231268703823,4841,1654,2546
1539231268726414,4842,1656,2550
1539231268749340,4843,1724,2588
1539231268771927,4844,2789,3043
1539231268797750,4845,8656,4499
1539231268826793,4846,1647,2541
1539231268848854,4847,1664,2535
1539231268871331,4848,1722,2580
1539231268894267,4849,2565,2988
1539231268918719,4850,8387,4501
1539231268947809,4851,1655,2547
1539231268969753,4852,1651,2550
1539231268992723,4853,1731,2572
1539231269016000,4854,2576,3033
1539231269041422,4855,8739,4534
1539231269070565,4856,1650,2549
1539231269093461,4857,1658,2543
1539231269115774,4858,1742,2566
1539231269139164,4859,2602,2982
1539231269164476,4860,8471,4509
1539231269193327,4861,1652,2566
1539231269215251,4862,1649,2567
1539231269237583,4863,1713,2579
1539231269260487,4864,2580,3002
1539231269285011,4865,8592,4499
1539231269314984,4866,1646,2563
1539231269337887,4867,1662,2553
1539231269361088,4868,1736,2569
1539231269384192,4869,2581,2989
1539231269409235,4870,8437,4488
1539231269438446,4871,1646,2543
1539231269460924,4872,1667,2538
1539231269484014,4873,1732,2563
1539231269506418,4874,2564,2978
1539231269531528,4875,8450,4495
1539231269560984,4876,1659,2536
1539231269583759,4877,1678,2562
1539231269606266,4878,1717,2588
1539231269628339,4879,2591,2995
1539231269653078,4880,8401,4493
1539231269682818,4881,1639,2551
1539231269704965,4882,1678,2541
1539231269727116,4883,1711,2568
1539231269749896,4884,2550,2978
1539231269775828,4885,8659,4508
1539231269805331,4886,1659,2565
1539231269828574,4887,1673,2538
1539231269850748,4888,1715,2577
1539231269873197,4889,2577,2987
1539231269898605,4890,8460,4490
1539231269927380,4891,1643,2544
1539231269949832,4892,1643,2552
1539231269972114,4893,1727,2563
1539231269994441,4894,2572,2980
1539231270019145,4895,8534,4563
1539231270049566,4896,1645,2620
1539231270071784,4897,1676,2549
1539231270094912,4898,1718,2572
1539231270117192,4899,2588,2994
1539231270142050,4900,8435,4494
1539231270171112,4901,1648,2554
1539231270193782,4902,1651,2550
1539231270216797,4903,1748,2562
1539231270239937,4904,2597,2986
1539231270264952,4905,8468,4491
1539231270293543,4906,1638,2536
1539231270316239,4907,1666,2532
1539231270338690,4908,1719,2566
1539231270360883,4909,2582,2990
1539231270385513,4910,8459,4498
1539231270414543,4911,1639,2537
1539231270436555,4912,1662,2539
1539231270459614,4913,1713,2570
1539231270482200,4914,2548,2987
1539231270507288,4915,8377,4500
1539231270536855,4916,1659,2530
1539231270559564,4917,1649,2544
1539231270582222,4918,1716,2574
1539231270605034,4919,2562,2996
1539231270629821,4920,8435,4494
1539231270658616,4921,1638,2570
1539231270681054,4922,1670,2531
1539231270703218,4923,1710,2575
1539231270725638,4924,2575,2982
1539231270750128,4925,8538,4506
1539231270780095,4926,1697,2568
1539231270803328,4927,1649,2576
1539231270826638,4928,1716,2577
1539231270849578,4929,2564,2995
1539231270873929,4930,8430,4509
1539231270902848,4931,1641,2572
1539231270925067,4932,1676,2530
1539231270948201,4933,1726,2583
1539231270970634,4934,2592,2991
1539231270996009,4935,8627,4555
1539231271025818,4936,1644,2571
1539231271048411,4937,1675,2541
1539231271070984,4938,1821,2607
1539231271093331,4939,2577,2994
1539231271118009,4940,8426,4528
1539231271146759,4941,1640,2550
1539231271168873,4942,1667,2546
1539231271191102,4943,1715,2582
1539231271213927,4944,2557,3008
1539231271239151,4945,8417,4490
1539231271268614,4946,1671,2540
1539231271291518,4947,1659,2569
1539231271314559,4948,1715,2580
1539231271336924,4949,2596,2995
1539231271362083,4950,8463,4503
1539231271391128,4951,1638,2544
1539231271413102,4952,1669,2532
1539231271435317,4953,1713,2577
1539231271458086,4954,2571,2970
1539231271481963,4955,8538,4490
1539231271511460,4956,1643,2549
1539231271533847,4957,1653,2557
1539231271556944,4958,1729,2555
1539231271579518,4959,2574,2974
1539231271603330,4960,8428,4512
1539231271632085,4961,1672,2536
1539231271654441,4962,1647,2541
1539231271677297,4963,1738,2580
1539231271700300,4964,2602,2993
1539231271725567,4965,8452,4497
1539231271755025,4966,1643,2540
1539231271777867,4967,1732,2563
1539231271801167,4968,1848,2576
1539231271823892,4969,2574,2996
1539231271848597,4970,8424,4532
1539231271877558,4971,1769,2549
1539231271900031,4972,1680,2534
1539231271922563,4973,1719,2583
1539231271945639,4974,2547,3010
1539231271970574,4975,8391,4516
1539231271999389,4976,1650,2642
1539231272022837,4977,1654,2586
1539231272045906,4978,1729,2584
1539231272069052,4979,2592,3000
1539231272094633,4980,8418,4491
1539231272123654,4981,1639,2551
1539231272146366,4982,1649,2547
1539231272168918,4983,1728,2574
1539231272191732,4984,2719,2997
1539231272216444,4985,8564,4522
1539231272246507,4986,1655,2561
1539231272268488,4987,1679,2531
1539231272291540,4988,1722,2577
1539231272314508,4989,2557,2983
1539231272339477,4990,8426,4507
1539231272368569,4991,1653,2539
1539231272391198,4992,1650,2550
1539231272413661,4993,1714,2577
1539231272435926,4994,2698,2996
1539231272460794,4995,8426,4510
1539231272490248,4996,1641,2555
1539231272512420,4997,1677,2530
1539231272535080,4998,1715,2567
1539231272558171,4999,2568,2996
1539231272583207,5000,8410,4508
1539231272612173,5001,1659,2523
1539231272634111,5002,1654,2544
1539231272656993,5003,1839,2577
1539231272680109,5004,2585,3001
1539231272705125,5005,8595,4514
1539231272734293,5006,1638,2533
1539231272757177,5007,1680,2534
1539231272780516,5008,1830,2591
1539231272803965,5009,2590,3000
1539231272829064,5010,8447,4492
1539231272857962,5011,1646,2548
1539231272880320,5012,1672,2543
1539231272902882,5013,1711,2589
1539231272925152,5014,2589,2983
1539231272949668,5015,8563,4497
1539231272979800,5016,1663,2532
1539231273002672,5017,1696,2581
1539231273025971,5018,1719,2617
1539231273049253,5019,2580,3004
1539231273074269,5020,8418,4508
1539231273103416,5021,1641,2542
1539231273125704,5022,1661,2545
1539231273148464,5023,1743,2566
1539231273170616,5024,2573,2990
1539231273196069,5025,8443,4500
1539231273225057,5026,1662,2529
1539231273247312,5027,1651,2540
1539231273269733,5028,1719,2579
1539231273292541,5029,2577,2996
1539231273317094,5030,8451,4519
1539231273345771,5031,1641,2540
1539231273367891,5032,1670,2544
1539231273389981,5033,1713,2567
1539231273412859,5034,2576,2979
1539231273438035,5035,8485,4491
1539231273467549,5036,1639,2546
1539231273490377,5037,1654,2546
1539231273513346,5038,1729,2587
1539231273536426,5039,2568,3001
1539231273561248,5040,8441,4500
1539231273589935,5041,1645,2555
1539231273612678,5042,1666,2545
1539231273635368,5043,1716,2580
1539231273658226,5044,2566,2991
1539231273681901,5045,8578,4505
1539231273712070,5046,1659,2535
1539231273734510,5047,1670,2553
1539231273757586,5048,1715,2580
1539231273781549,5049,2664,3009
1539231273807180,5050,8441,4499
1539231273836107,5051,1657,2538
1539231273858304,5052,1647,2557
1539231273881309,5053,1727,2593
1539231273904241,5054,2577,3002
1539231273928834,5055,8475,4539
1539231273958329,5056,1638,2550
1539231273980805,5057,1668,2538
1539231274003327,5058,1719,2606
1539231274026346,5059,2574,3027
1539231274051670,5060,8561,4491
1539231274081288,5061,1659,2545
1539231274103538,5062,1659,2549
1539231274126552,5063,1720,2579
1539231274149785,5064,2560,2990
1539231274175076,5065,8428,4503
1539231274203837,5066,1654,2535
1539231274226578,5067,1656,2547
1539231274248860,5068,1734,2569
1539231274271678,5069,2558,2981
1539231274296493,5070,8488,4521
1539231274325635,5071,1638,2564
1539231274347461,5072,1761,2560
1539231274369801,5073,1712,2580
1539231274392102,5074,2591,3012
1539231274415718,5075,8519,4505
1539231274444735,5076,1665,2530
1539231274467245,5077,1659,2567
1539231274490401,5078,1724,2591
1539231274512965,5079,2581,2991
1539231274537477,5080,8445,4493
1539231274566438,5081,1637,2540
1539231274588887,5082,1673,2542
1539231274611805,5083,1734,2566
1539231274633916,5084,2573,2986
1539231274658454,5085,8456,4507
1539231274687496,5086,1642,2544
1539231274709904,5087,1657,2547
1539231274732056,5088,1725,2559
1539231274754216,5089,2581,3000
1539231274779553,5090,8561,4518
1539231274808777,5091,1655,2536
1539231274831000,5092,1656,2553
1539231274854355,5093,1710,2588
1539231274877580,5094,2551,2989
1539231274902930,5095,8416,4503
1539231274932419,5096,1657,2544
1539231274955316,5097,1659,2563
1539231274977696,5098,1720,2578
1539231275000636,5099,2793,3056
1539231275025766,5100,8507,4638
1539231275055928,5101,1659,2590
1539231275078229,5102,1648,2547
1539231275100610,5103,1724,2561
1539231275123597,5104,2590,2984
1539231275148793,5105,8522,4518
1539231275177970,5106,1647,2561
1539231275200292,5107,1681,2549
1539231275223458,5108,1715,2573
1539231275246715,5109,2567,3001
1539231275270222,5110,8459,4497
1539231275298949,5111,1644,2557
1539231275321214,5112,1667,2557
1539231275344145,5113,1727,2564
1539231275366933,5114,2597,2978
1539231275392373,5115,8444,4492
1539231275421244,5116,1656,2554
1539231275443940,5117,1664,2533
1539231275466164,5118,1724,2573
1539231275489026,5119,2588,2997
1539231275513486,5120,8386,4498
1539231275542079,5121,1640,2547
1539231275564167,5122,1666,2534
1539231275587582,5123,1722,2591
1539231275610485,5124,2557,2998
1539231275635635,5125,8426,4503
1539231275664476,5126,1672,2529
1539231275687458,5127,1651,2571
1539231275710303,5128,1715,2580
1539231275732878,5129,2566,2978
1539231275757719,5130,8426,4634
1539231275787255,5131,1649,2568
1539231275810316,5132,1672,2557
1539231275832724,5133,1825,2569
1539231275855070,5134,2593,2990
1539231275879984,5135,8525,4488
1539231275909980,5136,1639,2542
1539231275932600,5137,1686,2538
1539231275955211,5138,1719,2570
1539231275978279,5139,2577,2978
1539231276003235,5140,8483,4572
1539231276032280,5141,1660,2579
1539231276055321,5142,1657,2587
1539231276078180,5143,1719,2575
1539231276101179,5144,2577,2989
1539231276126031,5145,8522,4507
1539231276154913,5146,1642,2558
1539231276177452,5147,1651,2556
1539231276200659,5148,1737,2569
1539231276222689,5149,2558,2995
1539231276247158,5150,8404,4515
1539231276276132,5151,1674,2536
1539231276298319,5152,1651,2561
1539231276321193,5153,1737,2582
1539231276343815,5154,2571,2977
1539231276369019,5155,8423,4499
1539231276397801,5156,1643,2542
1539231276420858,5157,1677,2543
1539231276444020,5158,1744,2570
1539231276466326,5159,2557,2985
1539231276490379,5160,8498,4521
1539231276519166,5161,1642,2549
1539231276541559,5162,1655,2545
1539231276564061,5163,1726,2575
1539231276586699,5164,2562,2985
1539231276610929,5165,8582,4502
1539231276640465,5166,1659,2534
1539231276663112,5167,1653,2555
1539231276686313,5168,1721,2570
1539231276709246,5169,2577,3003
1539231276733530,5170,8432,4521
1539231276762397,5171,1646,2566
1539231276785598,5172,1719,2564
1539231276809121,5173,1733,2596
1539231276832008,5174,2605,2992
1539231276856668,5175,8423,4522
1539231276886086,5176,1644,2542
1539231276908386,5177,1688,2544
1539231276930948,5178,1725,2570
1539231276953066,5179,2590,3007
1539231276977903,5180,8422,4512
1539231277006851,5181,1644,2602
1539231277028922,5182,1664,2571
1539231277052333,5183,1732,2569
1539231277075503,5184,2569,2971
1539231277100717,5185,8462,4518
1539231277129715,5186,1646,2568
1539231277152935,5187,1663,2541
1539231277176095,5188,1729,2554
1539231277198899,5189,2559,2972
1539231277224548,5190,8423,4524
1539231277253136,5191,1668,2533
1539231277275847,5192,1676,2550
1539231277298161,5193,1711,2582
1539231277320196,5194,2593,2985
1539231277344681,5195,8581,4513
1539231277374842,5196,1645,2562
1539231277397813,5197,1654,2557
1539231277420545,5198,1751,2570
1539231277443519,5199,2579,2978
1539231277467289,5200,8419,4494
1539231277496068,5201,1661,2539
1539231277518384,5202,1659,2546
1539231277541137,5203,1726,2584
1539231277564018,5204,2600,2997
1539231277588885,5205,8463,4519
1539231277618668,5206,1638,2555
1539231277641298,5207,1680,2555
1539231277664034,5208,1734,2563
1539231277686459,5209,2561,2977
1539231277710842,5210,8446,4506
1539231277739930,5211,1660,2524
1539231277762119,5212,1656,2550
1539231277786469,5213,1800,2615
1539231277810085,5214,2587,3001
1539231277835237,5215,8396,4510
1539231277864085,5216,1653,2533
1539231277886522,5217,1659,2550
1539231277908860,5218,1725,2558
1539231277931413,5219,2568,2983
1539231277957020,5220,8412,4496
1539231277985903,5221,1650,2536
1539231278007957,5222,1662,2590
1539231278030527,5223,1779,2639
1539231278054210,5224,2592,2991
1539231278078723,5225,8550,4501
1539231278108262,5226,1654,2541
1539231278130390,5227,1653,2583
1539231278153601,5228,1718,2583
1539231278176168,5229,2582,2986
1539231278200365,5230,8432,4500
1539231278229140,5231,1669,2546
1539231278251591,5232,1652,2559
1539231278274070,5233,1718,2576
1539231278296962,5234,2595,2992
1539231278322178,5235,8816,4502
1539231278351701,5236,1654,2540
1539231278374106,5237,1657,2546
1539231278397113,5238,1736,2574
1539231278419940,5239,2571,3000
1539231278444793,5240,8438,4524
1539231278473787,5241,1640,2554
1539231278496024,5242,1663,2534
1539231278518287,5243,1716,2595
1539231278541295,5244,2585,2997
1539231278566552,5245,8441,4501
1539231278595243,5246,1646,2557
1539231278617622,5247,1651,2552
1539231278640358,5248,1740,2555
1539231278662628,5249,2570,3000
1539231278687629,5250,8443,4505
1539231278717225,5251,1659,2549
1539231278739671,5252,1650,2563
1539231278761853,5253,1713,2574
1539231278785549,5254,2713,3021
1539231278810902,5255,8586,4506
1539231278840923,5256,1660,2537
1539231278864107,5257,1684,2542
1539231278887273,5258,1726,2588
1539231278910083,5259,2562,2983
1539231278933813,5260,8452,4497
1539231278962726,5261,1651,2544
1539231278984910,5262,1688,2537
1539231279007541,5263,1720,2639
1539231279030261,5264,2566,3036
1539231279056613,5265,8658,4520
1539231279086388,5266,1647,2541
1539231279108215,5267,1675,2542
1539231279130434,5268,1726,2621
1539231279152673,5269,2693,3001
1539231279177353,5270,8437,4512
1539231279205977,5271,1639,2568
1539231279227813,5272,1675,2535
1539231279250526,5273,1728,2585
1539231279273006,5274,2599,2999
1539231279298095,5275,8397,4510
1539231279326969,5276,1678,2574
1539231279349451,5277,1654,2557
1539231279372415,5278,1742,2573
1539231279394324,5279,2564,2993
1539231279418459,5280,8427,4491
1539231279447471,5281,1641,2546
1539231279469814,5282,1659,2550
1539231279492324,5283,1724,2569
1539231279514818,5284,2563,2994
1539231279539830,5285,8560,4491
1539231279570017,5286,1703,2567
1539231279592127,5287,1664,2537
1539231279614420,5288,1722,2574
1539231279637412,5289,2566,2997
1539231279661611,5290,8522,4512
1539231279690411,5291,1637,2559
1539231279712827,5292,1680,2542
1539231279735672,5293,1719,2585
1539231279758319,5294,2574,2991
1539231279784276,5295,8720,4516
1539231279814171,5296,1642,2544
1539231279837165,5297,1681,2539
1539231279860281,5298,1743,2571
1539231279882897,5299,2574,2971
1539231279907744,5300,8418,4504
1539231279936491,5301,1670,2533
1539231279958378,5302,1652,2542
1539231279981209,5303,1734,2575
1539231280004383,5304,2588,3029
1539231280029428,5305,9922,4575
1539231280059559,5306,1651,2532
1539231280082676,5307,1657,2561
1539231280105079,5308,1727,2556
1539231280127536,5309,2574,2986
1539231280152743,5310,8431,4524
1539231280181436,5311,1644,2546
1539231280204282,5312,1671,2545
1539231280226549,5313,1711,2588
1539231280248728,5314,2586,2990
1539231280273299,5315,8542,4504
1539231280303133,5316,1642,2560
1539231280325543,5317,1650,2542
1539231280348543,5318,1739,2569
1539231280371605,5319,2577,2979
1539231280395887,5320,8443,4490
1539231280424918,5321,1670,2533
1539231280447519,5322,1651,2556
1539231280470319,5323,1715,2577
1539231280492650,5324,2591,2993
1539231280518006,5325,8457,4508
1539231280547828,5326,1661,2536
1539231280570746,5327,1661,2541
1539231280592997,5328,1734,2563
1539231280615841,5329,2585,3002
1539231280639740,5330,8397,4499
1539231280668469,5331,1658,2531
1539231280690461,5332,1654,2553
1539231280714059,5333,1721,2568
1539231280737049,5334,2600,2988
1539231280762059,5335,8800,4564
1539231280791518,5336,1637,2539
1539231280814467,5337,1653,2545
1539231280837244,5338,1730,2585
1539231280859284,5339,2573,2989
1539231280884385,5340,8418,4510
1539231280913085,5341,1663,2540
1539231280935680,5342,1649,2581
1539231280957992,5343,1715,2574
1539231280980399,5344,2596,2997
1539231281004062,5345,8539,4572
1539231281034162,5346,1644,2585
1539231281057104,5347,1670,2542
1539231281080531,5348,1731,2568
1539231281102725,5349,2569,2996
1539231281127567,5350,8608,4520
1539231281156517,5351,1661,2535
1539231281178908,5352,1651,2563
1539231281201447,5353,1715,2574
1539231281223558,5354,2591,2972
1539231281248617,5355,8429,4515
1539231281277333,5356,1664,2544
1539231281300084,5357,1666,2533
1539231281322445,5358,1719,2570
1539231281344608,5359,2579,2973
1539231281369185,5360,8413,4499
1539231281398038,5361,1640,2539
1539231281420169,5362,1661,2534
1539231281442455,5363,1715,2575
1539231281464601,5364,2590,2997
1539231281489244,5365,8529,4483
1539231281518428,5366,1644,2541
1539231281541460,5367,1659,2544
1539231281564055,5368,1742,2611
1539231281587139,5369,2555,2989
1539231281612187,5370,8471,4514
1539231281641194,5371,1651,2537
1539231281663832,5372,1663,2541
1539231281686104,5373,1714,2578
1539231281708854,5374,2589,3002
1539231281734039,5375,8542,4513
1539231281762855,5376,1643,2583
1539231281786529,5377,1697,2580
1539231281810308,5378,1775,2584
1539231281833315,5379,2591,3000
1539231281858216,5380,8470,4511
1539231281887311,5381,1640,2551
1539231281909593,5382,1659,2546
1539231281932090,5383,1726,2563
1539231281954201,5384,2587,2992
1539231281979279,5385,8442,4507
1539231282008869,5386,1785,2595
1539231282031020,5387,1652,2593
1539231282054231,5388,1721,2565
1539231282077146,5389,2571,2998
1539231282101841,5390,8432,4493
1539231282130973,5391,1642,2573
1539231282153144,5392,1664,2528
1539231282175416,5393,1718,2575
1539231282198550,5394,2566,2995
1539231282223657,5395,8422,4514
1539231282252757,5396,1661,2532
1539231282275375,5397,1654,2553
1539231282298454,5398,1722,2567
1539231282321562,5399,2559,2995
1539231282346034,5400,8404,4499
1539231282374839,5401,1636,2539
1539231282397087,5402,1677,2531
1539231282419764,5403,1731,2563
1539231282442466,5404,2565,2976
1539231282466876,5405,8544,4517
1539231282496845,5406,1657,2533
1539231282519525,5407,1655,2549
1539231282542091,5408,1716,2594
1539231282565275,5409,2678,3002
1539231282590009,5410,8447,4501
1539231282618938,5411,1643,2545
1539231282641214,5412,1671,2565
1539231282664388,5413,1732,2557
1539231282686663,5414,2573,2974
1539231282711562,5415,8429,4511
1539231282740929,5416,1666,2542
1539231282763611,5417,1650,2622
1539231282787179,5418,1720,2587
1539231282810214,5419,2553,2979
1539231282835172,5420,8400,4499
1539231282863785,5421,1665,2548
1539231282885711,5422,1650,2543
1539231282908800,5423,1745,2561
1539231282931309,5424,2570,2986
1539231282956462,5425,8414,4490
1539231282985283,5426,1657,2551
1539231283008521,5427,1745,2613
1539231283032017,5428,1727,2597
1539231283055622,5429,2569,2976
1539231283080678,5430,8430,4525
1539231283109538,5431,1644,2563
1539231283131869,5432,1684,2579
1539231283154412,5433,1718,2568
1539231283177582,5434,2568,2980
1539231283201549,5435,8543,4499
1539231283231718,5436,1641,2535
1539231283253835,5437,1655,2558
1539231283276893,5438,1736,2555
1539231283300121,5439,2585,3002
1539231283324829,5440,8551,4517
1539231283353942,5441,1738,2579
1539231283376691,5442,1677,2537
1539231283399100,5443,1720,2570
1539231283422188,5444,2564,2975
1539231283447107,5445,8445,4503
1539231283475901,5446,1656,2533
1539231283498574,5447,1654,2542
1539231283521016,5448,1730,2565
1539231283543037,5449,2574,2973
1539231283567371,5450,8626,4513
1539231283596317,5451,1667,2529
1539231283618260,5452,1656,2554
1539231283640890,5453,1746,2560
1539231283663802,5454,2588,2983
1539231283688547,5455,8453,4510
1539231283717277,5456,1651,2545
1539231283740146,5457,1672,2548
1539231283762896,5458,1884,2635
1539231283786029,5459,2559,2997
1539231283811181,5460,8464,4485
1539231283839982,5461,1663,2544
1539231283862391,5462,1654,2569
1539231283885379,5463,1726,2581
1539231283908372,5464,2588,3000
1539231283933279,5465,8554,4498
1539231283962744,5466,1646,2553
1539231283985708,5467,1656,2549
1539231284008585,5468,1820,2638
1539231284032056,5469,2576,3118
1539231284057233,5470,8456,4548
1539231284086001,5471,1640,2545
1539231284108646,5472,1678,2540
1539231284131090,5473,1712,2619
1539231284154132,5474,2575,2987
1539231284179019,5475,8443,4510
1539231284208564,5476,1652,2528
1539231284230785,5477,1652,2555
1539231284253275,5478,1745,2568
1539231284276211,5479,2591,2985
1539231284300737,5480,8428,4528
1539231284329985,5481,1644,2545
1539231284352082,5482,1664,2538
1539231284374901,5483,1711,2572
1539231284397928,5484,2566,2988
1539231284423016,5485,8442,4509
1539231284451880,5486,1663,2533
1539231284474781,5487,1652,2561
1539231284497315,5488,1745,2578
1539231284520251,5489,2599,2989
1539231284545777,5490,8486,4504
1539231284574788,5491,1636,2548
1539231284597412,5492,1647,2555
1539231284620010,5493,1726,2570
1539231284642373,5494,2559,2986
1539231284667079,5495,8529,4499
1539231284696824,5496,1662,2536
1539231284719197,5497,1653,2549
1539231284742607,5498,1720,2572
1539231284765450,5499,2740,3060
1539231284791470,5500,8449,4497
1539231284820420,5501,1654,2530
1539231284842645,5502,1653,2536
1539231284865114,5503,1731,2575
1539231284888109,5504,2578,3005
1539231284913131,5505,8446,4511
1539231284942328,5506,1640,2545
1539231284964789,5507,1664,2534
1539231284987292,5508,1718,2597
1539231285009725,5509,2695,3023
1539231285034753,5510,8772,4502
1539231285063814,5511,1660,2528
1539231285086077,5512,1652,2548
1539231285108805,5513,1731,2562
1539231285132035,5514,2608,3034
1539231285157140,5515,8466,4485
1539231285186142,5516,1642,2540
1539231285209101,5517,1677,2541
1539231285232079,5518,1735,2561
1539231285254776,5519,2543,2993
1539231285279778,5520,8437,4508
1539231285308510,5521,1665,2536
1539231285331709,5522,1649,2557
1539231285353783,5523,1716,2572
1539231285376448,5524,2587,3006
1539231285402028,5525,8512,4498
1539231285430994,5526,1642,2542
1539231285453606,5527,1655,2543
1539231285476219,5528,1730,2559
1539231285498402,5529,2565,2983
1539231285523854,5530,8444,4504
1539231285552559,5531,1669,2547
1539231285575508,5532,1653,2556
1539231285598589,5533,1710,2577
1539231285621141,5534,2578,2974
1539231285646249,5535,8499,4491
1539231285675423,5536,1640,2559
1539231285698086,5537,1661,2548
1539231285721192,5538,1727,2594
1539231285743403,5539,2590,2969
1539231285768092,5540,8904,4541
1539231285797912,5541,1710,2546
1539231285820221,5542,1678,2538
1539231285843284,5543,1718,2582
1539231285866129,5544,2559,2978
1539231285891196,5545,8448,4499
1539231285920598,5546,1659,2537
1539231285943491,5547,1658,2553
1539231285966476,5548,1718,2578
1539231285989457,5549,2569,2972
1539231286014380,5550,8425,4590
1539231286043598,5551,1644,2555
1539231286065941,5552,1648,2546
1539231286088771,5553,1729,2571
1539231286111598,5554,2578,2978
1539231286136176,5555,8538,4489
1539231286166466,5556,1644,2553
1539231286188414,5557,1677,2538
1539231286211266,5558,1715,2578
1539231286234265,5559,2572,2996
1539231286258149,5560,8437,4512
1539231286287015,5561,1637,2567
1539231286308994,5562,1675,2540
1539231286331991,5563,1730,2569
1539231286354302,5564,2572,2982
1539231286379383,5565,8443,4516
1539231286409127,5566,1660,2532
1539231286431719,5567,1656,2569
1539231286454148,5568,1727,2560
1539231286476368,5569,2589,3001
1539231286500879,5570,8433,4520
1539231286529749,5571,1645,2540
1539231286551883,5572,1663,2536
1539231286575200,5573,1716,2571
1539231286598321,5574,2567,2988
1539231286623354,5575,8631,4486
1539231286652197,5576,1654,2529
1539231286675037,5577,1653,2549
1539231286698109,5578,1714,2576
1539231286721055,5579,2575,2991
1539231286745604,5580,8473,4494
1539231286775472,5581,1642,2568
1539231286797843,5582,1652,2554
1539231286820131,5583,1731,2572
1539231286842415,5584,2744,3013
1539231286867395,5585,8575,4492
1539231286897622,5586,1645,2535
1539231286920377,5587,1681,2541
1539231286943821,5588,1747,2559
1539231286966247,5589,2567,2976
1539231286991178,5590,8441,4600
1539231287020205,5591,1655,2571
1539231287043343,5592,1650,2548
1539231287065701,5593,1714,2576
1539231287088887,5594,2602,2979
1539231287112685,5595,8486,4522
1539231287142941,5596,1644,2547
1539231287165305,5597,1677,2543
1539231287187897,5598,1745,2563
1539231287210157,5599,2573,2986
1539231287234842,5600,8418,4501
1539231287264333,5601,1658,2528
1539231287286671,5602,1652,2534
1539231287309754,5603,1717,2570
1539231287333112,5604,2580,3002
1539231287358200,5605,8433,4496
1539231287386889,5606,1638,2560
1539231287409422,5607,1662,2551
1539231287431966,5608,1730,2565
1539231287454676,5609,2554,2990
1539231287479848,5610,8412,4501
1539231287508948,5611,1652,2528
1539231287531314,5612,1657,2553
1539231287554059,5613,1713,2579
1539231287576742,5614,2581,3008
1539231287600674,5615,8548,4521
1539231287630729,5616,1642,2562
1539231287652683,5617,1670,2542
1539231287674990,5618,1716,2574
1539231287697950,5619,2558,2981
1539231287722742,5620,8444,4512
1539231287751518,5621,1642,2544
1539231287774734,5622,1705,2563
1539231287798176,5623,1716,2566
1539231287821169,5624,2593,2986
1539231287845103,5625,8463,4514
1539231287874963,5626,1645,2564
1539231287897009,5627,1672,2544
1539231287920025,5628,1739,2569
1539231287942710,5629,2564,2985
1539231287967650,5630,8403,4499
1539231287996701,5631,1661,2543
1539231288018942,5632,1654,2577
1539231288041327,5633,1917,2736
1539231288063859,5634,2575,2994
1539231288089088,5635,8526,4501
1539231288118417,5636,1641,2538
1539231288141727,5637,1656,2547
1539231288164034,5638,1735,2562
1539231288186579,5639,2557,2979
1539231288211886,5640,8426,4486
1539231288240660,5641,1660,2533
1539231288263062,5642,1649,2559
1539231288285498,5643,1713,2566
1539231288307826,5644,2575,2969
1539231288331593,5645,8552,4500
1539231288361685,5646,1641,2543
1539231288384267,5647,1664,2534
1539231288406664,5648,1712,2573
1539231288429179,5649,2587,2994
1539231288453575,5650,8414,4504
1539231288482446,5651,1642,2562
1539231288504758,5652,1668,2541
1539231288527852,5653,1729,2573
1539231288549931,5654,2574,2992
1539231288575118,5655,8503,4498
1539231288605231,5656,1658,2542
1539231288627840,5657,1665,2532
1539231288650476,5658,1724,2593
1539231288673364,5659,2647,3019
1539231288698152,5660,8436,4495
1539231288726860,5661,1640,2529
1539231288748908,5662,1683,2532
1539231288771558,5663,1760,2636
1539231288794879,5664,2756,2998
1539231288820492,5665,8417,4522
1539231288849287,5666,1659,2559
1539231288872126,5667,1672,2548
1539231288894435,5668,1720,2574
1539231288917541,5669,2555,2988
1539231288942771,5670,8426,4488
1539231288971495,5671,1637,2549
1539231288993283,5672,1673,2554
1539231289015914,5673,1723,2608
1539231289038397,5674,4165,3186
1539231289064670,5675,8564,4572
1539231289094469,5676,1645,2548
1539231289117311,5677,1661,2563
1539231289140541,5678,1745,2564
1539231289163554,5679,2592,2974
1539231289188527,5680,8455,4505
1539231289217594,5681,1639,2561
1539231289240138,5682,1675,2540
1539231289262899,5683,1716,2575
1539231289286143,5684,2582,2999
1539231289311357,5685,8441,4517
1539231289341223,5686,1670,2553
1539231289363683,5687,1655,2549
1539231289385912,5688,1719,2579
1539231289408769,5689,2568,3010
1539231289433648,5690,8405,4492
1539231289462609,5691,1641,2556
1539231289484779,5692,1675,2546
1539231289507108,5693,1720,2579
1539231289529941,5694,2560,2984
1539231289554979,5695,8408,4504
1539231289583765,5696,1660,2551
1539231289606876,5697,1654,2555
1539231289629131,5698,1732,2588
1539231289651978,5699,2578,3018
1539231289677076,5700,8465,4505
1539231289706129,5701,1644,2555
1539231289729086,5702,1673,2542
1539231289751386,5703,1710,2582
1539231289774299,5704,2643,3014
1539231289799100,5705,8504,4509
1539231289828050,5706,1660,2537
1539231289850792,5707,1651,2567
1539231289874112,5708,1719,2587
1539231289896925,5709,2593,2995
1539231289921840,5710,8431,4507
1539231289950707,5711,1643,2552
1539231289972867,5712,1668,2534
1539231289995610,5713,1713,2581
1539231290018825,5714,2569,3048
1539231290044261,5715,8471,4499
1539231290073355,5716,1669,2586
1539231290095812,5717,1667,2545
1539231290117995,5718,1726,2590
1539231290140581,5719,2585,2996
1539231290165210,5720,8448,4498
1539231290194053,5721,1722,2574
1539231290216070,5722,1670,2545
1539231290238741,5723,1716,2583
1539231290261797,5724,2561,3006
1539231290287167,5725,8488,4501
1539231290316003,5726,1663,2548
1539231290338857,5727,1652,2551
1539231290361561,5728,1726,2577
1539231290384263,5729,2555,3007
1539231290409019,5730,8455,4513
1539231290438184,5731,1762,2543
1539231290460648,5732,1681,2536
1539231290482991,5733,1715,2578
1539231290506215,5734,2590,2972
1539231290530021,5735,8578,4502
1539231290559433,5736,1640,2539
1539231290582253,5737,1653,2550
1539231290605285,5738,1746,2572
1539231290627417,5739,2576,2978
1539231290652036,5740,8436,4517
1539231290680725,5741,1656,2539
1539231290703060,5742,1652,2562
1539231290725817,5743,1722,2578
1539231290748599,5744,2590,3004
1539231290774712,5745,8808,4528
1539231290805219,5746,1683,2540
1539231290827746,5747,1674,2527
1539231290850069,5748,1717,2574
1539231290872888,5749,2580,2997
1539231290897457,5750,8412,4502
1539231290926247,5751,1645,2552
1539231290948199,5752,1681,2534
1539231290971135,5753,1716,2580
1539231290993975,5754,2549,3006
1539231291019536,5755,8445,4583
1539231291048914,5756,1666,2532
1539231291071868,5757,1667,2544
1539231291095122,5758,1720,2571
1539231291117421,5759,2543,2986
1539231291142836,5760,8441,4499
1539231291171766,5761,1661,2530
1539231291193728,5762,1652,2557
1539231291216307,5763,1746,2568
1539231291238773,5764,2577,2998
1539231291263338,5765,8519,4491
1539231291293254,5766,1661,2554
1539231291315390,5767,1652,2549
1539231291338628,5768,1719,2598
1539231291361761,5769,2567,2985
1539231291386704,5770,8455,4486
1539231291415742,5771,1642,2543
1539231291438315,5772,1651,2558
1539231291461235,5773,1733,2596
1539231291483580,5774,2603,2980
1539231291509028,5775,8452,4497
1539231291538563,5776,1644,2564
1539231291560664,5777,1675,2540
1539231291583948,5778,1725,2554
1539231291606522,5779,2560,3007
1539231291631244,5780,8417,4512
1539231291660219,5781,1674,2538
1539231291681934,5782,1647,2555
1539231291704642,5783,1749,2550
1539231291727521,5784,2583,2968
1539231291752174,5785,8429,4498
1539231291782025,5786,1739,2575
1539231291805234,5787,1668,2563
1539231291827610,5788,1710,2615
1539231291850462,5789,2563,3006
1539231291875540,5790,8534,4500
1539231291904638,5791,1666,2541
1539231291926973,5792,1658,2558
1539231291949427,5793,1740,2603
1539231291971986,5794,2604,2987
1539231291996794,5795,8696,4563
1539231292026482,5796,1645,2586
1539231292049795,5797,1661,2556
1539231292073016,5798,1744,2570
1539231292095801,5799,2592,2971
1539231292120338,5800,8437,4518
1539231292149213,5801,1678,2555
1539231292171691,5802,1649,2561
1539231292194371,5803,1813,2609
1539231292217300,5804,2593,2980
1539231292242430,5805,8461,4505
1539231292271875,5806,1659,2544
1539231292294519,5807,1654,2551
1539231292317101,5808,1730,2594
1539231292340069,5809,2591,2993
1539231292364687,5810,8416,4523
1539231292393751,5811,1641,2554
1539231292415891,5812,1679,2537
1539231292439082,5813,1744,2578
1539231292462248,5814,2569,2986
1539231292487413,5815,8533,4515
1539231292516454,5816,1655,2533
1539231292539373,5817,1654,2560
1539231292561820,5818,1718,2570
1539231292584741,5819,2594,3004
1539231292609670,5820,8431,4499
1539231292638735,5821,1640,2552
1539231292660566,5822,1664,2543
1539231292683005,5823,1710,2587
1539231292705788,5824,2582,2995
1539231292730243,5825,8554,4503
1539231292760333,5826,1672,2538
1539231292784126,5827,1713,2584
1539231292807605,5828,1723,2592
1539231292830630,5829,2553,2996
1539231292854885,5830,8398,4512
1539231292883805,5831,1676,2536
1539231292906450,5832,1650,2548
1539231292929156,5833,1733,2589
1539231292952322,5834,2580,3005
1539231292977413,5835,8464,4514
1539231293006917,5836,1641,2617
1539231293029823,5837,1652,2593
1539231293052987,5838,1751,2563
1539231293076046,5839,2603,3107
1539231293101012,5840,8442,4497
1539231293130462,5841,1642,2550
1539231293152521,5842,1664,2539
1539231293175794,5843,1732,2580
1539231293198109,5844,2546,2980
1539231293222973,5845,8530,4494
1539231293251564,5846,1646,2534
1539231293273944,5847,1654,2561
1539231293297162,5848,1727,2565
1539231293319641,5849,2560,2978
1539231293345064,5850,8448,4500
1539231293374127,5851,1639,2558
1539231293396122,5852,1664,2539
1539231293418415,5853,1718,2583
1539231293440765,5854,2591,2980
1539231293465326,5855,8570,4502
1539231293494196,5856,1644,2555
1539231293516500,5857,1688,2539
1539231293539534,5858,1722,2577
1539231293562607,5859,2572,2995
1539231293586923,5860,8541,4518
1539231293615795,5861,1656,2541
1539231293638337,5862,1652,2558
1539231293661569,5863,1714,2568
1539231293683663,5864,2595,2980
1539231293708547,5865,8422,4505
1539231293737709,5866,1638,2543
1539231293759990,5867,1681,2545
1539231293783776,5868,1736,2595
1539231293806062,5869,2560,2986
1539231293830976,5870,8422,4504
1539231293859720,5871,1642,2543
1539231293881759,5872,1646,2547
1539231293905084,5873,1728,2559
1539231293928102,5874,2568,3007
1539231293952700,5875,8446,4520
1539231293981359,5876,1658,2553
1539231294004586,5877,1680,2576
1539231294027337,5878,1718,2615
1539231294050794,5879,2559,2999
1539231294076236,5880,8547,4501
1539231294105518,5881,1639,2564
1539231294127433,5882,1647,2576
1539231294150142,5883,1714,2573
1539231294172520,5884,2595,3009
1539231294196657,5885,8539,4513
1539231294226523,5886,1643,2543
1539231294249175,5887,1687,2550
1539231294272097,5888,1741,2583
1539231294294582,5889,2562,2992
1539231294318158,5890,8423,4502
1539231294347002,5891,1642,2551
1539231294369229,5892,1676,2560
1539231294392058,5893,1738,2558
1539231294414452,5894,2591,2986
1539231294439828,5895,8490,4508
1539231294468624,5896,1661,2533
1539231294490792,5897,1651,2549
1539231294513318,5898,1735,2566
1539231294535968,5899,2574,3004
1539231294560490,5900,8444,4524
1539231294590147,5901,1642,2545
1539231294612160,5902,1666,2543
1539231294634709,5903,1720,2582
1539231294657622,5904,2553,3003
1539231294683083,5905,8433,4493
1539231294711801,5906,1665,2535
1539231294734873,5907,1652,2547
1539231294757509,5908,1716,2599
1539231294781137,5909,2686,2993
1539231294806747,5910,8420,4528
1539231294835640,5911,1638,2542
1539231294858270,5912,1651,2573
1539231294880492,5913,1738,2565
1539231294903584,5914,2586,2974
1539231294928450,5915,8560,4514
1539231294958440,5916,1643,2538
1539231294980811,5917,1666,2537
1539231295003970,5918,1734,2594
1539231295027096,5919,2590,3020
1539231295052550,5920,8428,4512
1539231295081578,5921,1651,2589
1539231295104391,5922,1665,2546
1539231295126758,5923,1717,2570
1539231295149241,5924,2591,3006
1539231295174308,5925,8452,4491
1539231295203669,5926,1639,2538
1539231295226156,5927,1770,2556
1539231295248584,5928,1732,2553
1539231295270713,5929,2560,3003
1539231295295739,5930,8413,4473
1539231295324843,5931,1658,2533
1539231295346924,5932,1649,2544
1539231295369297,5933,1743,2578
1539231295391524,5934,2582,2973
1539231295416876,5935,8418,4523
1539231295445907,5936,1648,2551
1539231295468643,5937,1675,2540
1539231295491372,5938,1710,2596
1539231295514247,5939,2558,2997
1539231295539379,5940,8431,4489
1539231295568212,5941,1690,2581
1539231295591177,5942,1762,2557
1539231295613911,5943,1711,2586
1539231295636169,5944,2699,2983
1539231295660824,5945,8535,4515
1539231295690850,5946,1642,2555
1539231295713092,5947,1689,2541
1539231295736623,5948,1731,2568
1539231295759437,5949,2573,2985
1539231295784966,5950,8925,4519
1539231295814549,5951,1642,2553
1539231295837017,5952,1710,2552
1539231295859937,5953,1725,2555
1539231295882742,5954,2581,2998
1539231295907518,5955,8447,4495
1539231295936909,5956,1654,2542
1539231295959526,5957,1652,2557
1539231295981812,5958,1726,2568
1539231296004023,5959,2576,3028
1539231296029019,5960,8629,4642
1539231296058416,5961,1643,2545
1539231296080548,5962,1751,2559
1539231296103971,5963,1744,2565
1539231296126232,5964,2557,2985
1539231296151329,5965,8430,4506
1539231296180044,5966,1670,2545
1539231296203215,5967,1656,2549
1539231296225646,5968,1713,2583
1539231296247874,5969,2574,2991
1539231296273182,5970,8474,4495
1539231296302217,5971,1645,2546
1539231296325003,5972,1683,2542
1539231296347578,5973,1711,2577
1539231296369742,5974,2566,2998
1539231296394276,5975,8515,4488
1539231296424111,5976,1656,2532
1539231296446735,5977,1650,2546
1539231296470017,5978,1720,2572
1539231296493020,5979,2581,2989
1539231296517481,5980,8360,4507
1539231296546160,5981,1643,2570
1539231296568484,5982,1681,2533
1539231296591982,5983,1728,2574
1539231296613998,5984,2577,2999
1539231296639018,5985,8427,4511
1539231296668532,5986,1657,2532
1539231296690987,5987,1660,2559
1539231296713768,5988,1717,2579
1539231296735731,5989,2570,2976
1539231296760484,5990,8678,4619
1539231296790286,5991,1687,2566
1539231296812700,5992,1671,2539
1539231296835317,5993,1725,2578
1539231296857819,5994,2559,2995
1539231296883221,5995,8422,4499
1539231296911955,5996,1669,2530
1539231296934529,5997,1653,2560
1539231296957082,5998,1727,2558
1539231296979549,5999,2582,2981
1539231297004851,6000,8598,4563
1539231297033866,6001,1640,2631
1539231297056407,6002,1667,2547
1539231297078734,6003,1713,2583
1539231297101327,6004,2589,2978
1539231297126078,6005,8553,4544
1539231297155323,6006,1645,2542
1539231297178198,6007,1657,2560
1539231297201615,6008,1711,2574
1539231297224617,6009,2577,2993
1539231297249199,6010,8465,4495
1539231297278057,6011,1643,2541
1539231297300645,6012,1678,2547
1539231297323033,6013,1709,2573
1539231297346060,6014,2594,3015
1539231297370012,6015,8437,4503
1539231297399687,6016,1639,2542
1539231297422115,6017,1657,2545
1539231297444545,6018,1724,2562
1539231297467327,6019,2570,2980
1539231297492497,6020,8398,4494
1539231297521630,6021,1646,2562
1539231297543685,6022,1656,2565
1539231297566592,6023,1711,2579
1539231297589082,6024,2586,2987
1539231297614194,6025,8491,4501
1539231297643101,6026,1645,2538
1539231297665443,6027,1662,2560
1539231297687838,6028,1739,2564
1539231297710024,6029,2558,2993
1539231297735429,6030,8471,4497
1539231297764029,6031,1654,2611
1539231297786806,6032,1650,2574
1539231297809038,6033,1731,2572
1539231297831165,6034,2582,2987
1539231297856543,6035,8571,4524
1539231297886344,6036,1645,2560
1539231297909170,6037,1667,2545
1539231297931806,6038,1729,2566
1539231297954397,6039,2570,2980
1539231297978973,6040,8441,4504
1539231298008017,6041,1677,2620
1539231298030451,6042,1649,2581
1539231298053835,6043,1720,2577
1539231298076596,6044,2579,3002
1539231298101620,6045,8430,4504
1539231298131443,6046,1641,2537
1539231298154095,6047,1658,2551
1539231298176374,6048,1737,2564
1539231298199233,6049,2585,2971
1539231298224240,6050,8428,4505
1539231298253468,6051,1638,2562
1539231298275478,6052,1650,2551
1539231298298434,6053,1717,2575
1539231298321429,6054,2574,2974
1539231298346752,6055,8513,4496
1539231298375796,6056,1652,2524
1539231298398048,6057,1660,2545
1539231298420575,6058,1730,2562
1539231298443376,6059,2558,2977
1539231298468413,6060,8479,4487
1539231298497658,6061,1646,2553
1539231298519967,6062,1666,2550
1539231298542689,6063,1722,2577
1539231298565825,6064,2576,2984
1539231298590477,6065,8526,4505
1539231298619652,6066,1641,2549
1539231298642412,6067,1648,2553
1539231298665478,6068,1721,2587
1539231298688636,6069,2576,2990
1539231298713484,6070,8438,4509
1539231298742640,6071,1640,2562
1539231298764758,6072,1744,2623
1539231298788170,6073,1744,2550
1539231298810379,6074,2588,2984
1539231298835428,6075,8445,4506
1539231298865263,6076,1667,2551
1539231298887768,6077,1680,2538
1539231298909983,6078,1793,2609
1539231298932968,6079,2580,2990
1539231298957685,6080,8433,4494
1539231298986585,6081,1641,2552
1539231299009049,6082,1795,2612
1539231299031355,6083,1715,2601
1539231299054271,6084,2559,2984
1539231299079351,6085,8436,4535
1539231299108062,6086,1654,2534
1539231299131132,6087,1652,2564
1539231299154169,6088,1714,2573
1539231299177237,6089,2571,2975
1539231299202381,6090,8443,4488
1539231299232007,6091,1659,2533
1539231299253771,6092,1656,2548
1539231299275955,6093,1733,2568
1539231299298426,6094,2579,2991
1539231299322402,6095,8580,4513
1539231299351874,6096,1660,2536
1539231299374126,6097,1653,2550
1539231299397254,6098,1729,2572
1539231299419464,6099,2583,2980
1539231299443817,6100,8439,4504
1539231299472586,6101,1652,2538
1539231299495128,6102,1654,2557
1539231299518157,6103,1715,2565
1539231299540449,6104,2587,3004
1539231299564167,6105,8551,4496
1539231299593786,6106,1644,2551
1539231299615932,6107,1670,2527
1539231299638168,6108,1718,2575
1539231299660869,6109,2586,3000
1539231299685429,6110,8440,4518
1539231299714227,6111,1636,2562
1539231299736717,6112,1682,2535
1539231299759443,6113,1715,2591
1539231299782927,6114,2579,3010
1539231299808772,6115,8497,4515
1539231299837575,6116,1648,2549
1539231299860278,6117,1677,2531
1539231299883048,6118,1718,2584
1539231299906017,6119,2549,2989
1539231299930884,6120,8388,4497
1539231299959753,6121,1640,2569
1539231299982841,6122,1654,2559
1539231300005269,6123,1731,2626
1539231300027876,6124,2583,3050
1539231300052950,6125,8555,4502
1539231300082599,6126,1644,2548
1539231300105010,6127,1684,2543
1539231300128514,6128,1735,2569
1539231300151205,6129,2580,2981
1539231300176359,6130,8440,4504
1539231300206029,6131,1642,2550
1539231300228088,6132,1682,2542
1539231300250985,6133,1719,2574
1539231300273973,6134,2571,2982
1539231300298951,6135,8433,4517
1539231300328295,6136,1655,2516
1539231300351115,6137,1651,2558
1539231300373739,6138,1716,2559
1539231300396001,6139,2574,2996
1539231300420834,6140,8449,4524
1539231300449636,6141,1645,2552
1539231300471716,6142,1648,2551
1539231300494641,6143,1717,2573
1539231300517850,6144,2591,2966
1539231300543089,6145,8522,4497
1539231300572407,6146,1653,2533
1539231300594763,6147,1646,2552
1539231300617177,6148,1733,2577
1539231300640369,6149,2573,2981
1539231300665196,6150,8455,4496
1539231300694166,6151,1640,2553
1539231300716475,6152,1673,2542
1539231300738662,6153,1712,2583
1539231300761791,6154,2575,3042
1539231300786977,6155,8695,4503
1539231300817067,6156,1659,2540
1539231300839637,6157,1651,2550
1539231300862615,6158,1717,2566
1539231300885411,6159,2572,2983
1539231300909307,6160,8429,4501
1539231300938222,6161,1645,2559
1539231300960942,6162,1684,2535
1539231300983961,6163,1731,2563
1539231301006786,6164,2577,3079
1539231301032214,6165,8802,4603
1539231301062212,6166,1642,2547
1539231301084915,6167,1668,2538
1539231301108306,6168,1731,2556
1539231301130522,6169,2573,2993
1539231301155176,6170,8445,4494
1539231301184050,6171,1655,2528
1539231301206056,6172,1650,2548
1539231301228761,6173,1732,2569
1539231301251033,6174,2575,2965
1539231301276833,6175,8409,4515
1539231301305530,6176,1639,2538
1539231301328129,6177,1668,2563
1539231301350715,6178,1724,2571
1539231301374087,6179,2539,2983
1539231301399143,6180,8444,4482
1539231301427828,6181,1662,2536
1539231301449721,6182,1652,2568
1539231301471983,6183,1740,2565
1539231301494053,6184,2586,2986
1539231301518505,6185,8550,4507
1539231301547858,6186,1670,2538
1539231301570428,6187,1649,2551
1539231301593860,6188,1716,2576
1539231301615960,6189,2581,2993
1539231301640617,6190,8423,4514
1539231301669376,6191,1664,2548
1539231301692362,6192,1677,2550
1539231301715251,6193,1712,2576
1539231301737508,6194,2583,2990
1539231301762673,6195,8827,4548
1539231301792438,6196,1723,2568
1539231301814609,6197,1656,2559
1539231301837264,6198,1734,2576
1539231301860125,6199,2571,3013
1539231301885061,6200,8441,4504
1539231301913877,6201,1642,2549
1539231301936114,6202,1671,2551
1539231301958793,6203,1717,2584
1539231301981006,6204,2590,2997
1539231302006199,6205,8555,4566
1539231302035130,6206,1755,2719
1539231302058544,6207,1648,2542
1539231302080911,6208,1738,2579
1539231302103587,6209,2594,2972
1539231302128866,6210,8436,4534
1539231302157627,6211,1642,2552
1539231302179706,6212,1654,2568
1539231302202746,6213,1713,2579
1539231302224982,6214,2588,2985
1539231302249673,6215,8576,4489
1539231302279729,6216,1645,2549
1539231302302343,6217,1650,2544
1539231302325422,6218,1718,2580
1539231302347930,6219,2577,3007
1539231302372625,6220,8505,4515
1539231302401596,6221,1646,2564
1539231302424150,6222,1662,2540
1539231302446626,6223,1711,2582
1539231302469497,6224,2560,2986
1539231302494464,6225,8480,4495
1539231302523389,6226,1647,2547
1539231302545854,6227,1669,2542
1539231302568511,6228,1726,2566
1539231302591458,6229,2749,2982
1539231302616736,6230,8451,4529
1539231302645631,6231,1644,2554
1539231302667792,6232,1669,2540
1539231302691008,6233,1720,2575
1539231302713879,6234,2551,2982
1539231302738844,6235,8474,4502
1539231302767890,6236,1795,2612
1539231302791548,6237,1652,2575
1539231302814594,6238,1708,2583
1539231302837643,6239,2561,2997
1539231302862284,6240,8469,4493
1539231302891481,6241,1645,2548
1539231302913846,6242,1647,2559
1539231302936053,6243,1737,2573
1539231302958869,6244,2589,2979
1539231302982837,6245,8550,4490
1539231303013107,6246,1662,2561
1539231303035662,6247,1654,3037
1539231303059412,6248,1719,2568
1539231303082322,6249,2577,2986
1539231303106956,6250,8426,4528
1539231303135632,6251,1641,2585
1539231303158430,6252,1652,2551
1539231303181245,6253,1735,2578
1539231303203422,6254,2609,2976
1539231303228644,6255,8437,4527
1539231303258341,6256,1640,2543
1539231303280492,6257,1665,2535
1539231303303050,6258,1709,2576
1539231303325264,6259,2596,3002
1539231303350122,6260,8424,4499
1539231303378914,6261,1648,2541
1539231303400927,6262,1668,2546
1539231303423642,6263,1715,2584
1539231303446291,6264,2571,2993
1539231303471432,6265,8426,4506
1539231303500248,6266,1675,2527
1539231303523093,6267,1659,2558
1539231303545446,6268,1716,2573
1539231303568206,6269,2690,2994
1539231303593504,6270,8566,4492
1539231303622528,6271,1644,2550
1539231303644682,6272,1671,2539
1539231303666892,6273,1711,2582
1539231303689184,6274,2590,2985
1539231303713844,6275,8539,4502
1539231303743852,6276,1662,2532
1539231303766838,6277,1820,2607
1539231303790044,6278,1813,2579
1539231303813222,6279,2573,3003
1539231303838636,6280,8511,4512
1539231303867647,6281,1639,2551
1539231303890337,6282,1652,2547
1539231303913482,6283,1725,2587
1539231303935717,6284,2584,2968
1539231303960832,6285,8458,4525
1539231303990161,6286,1644,2552
1539231304012652,6287,1671,2574
1539231304035155,6288,1724,2964
1539231304058867,6289,2585,2972
1539231304083497,6290,8423,4551
1539231304112197,6291,1656,2544
1539231304134566,6292,1655,2561
1539231304157530,6293,1718,2568
1539231304179904,6294,2585,2985
1539231304204960,6295,8412,4513
1539231304233852,6296,1736,2564
1539231304256873,6297,1671,2536
1539231304279203,6298,1712,2598
1539231304302264,6299,2554,2996
1539231304327566,6300,8413,4487
1539231304356318,6301,1655,2529
1539231304378580,6302,1646,2557
1539231304400945,6303,1732,2563
1539231304423493,6304,2587,2970
1539231304447226,6305,8527,4497
1539231304477259,6306,1662,2543
1539231304500150,6307,1665,2526
1539231304523262,6308,1712,2570
1539231304545707,6309,2554,2981
1539231304570424,6310,8437,4498
1539231304599737,6311,1640,2553
1539231304622530,6312,1650,2555
1539231304645633,6313,1716,2582
1539231304668370,6314,2581,2984
1539231304693735,6315,8449,4492
1539231304722673,6316,1648,2544
1539231304744644,6317,1665,2529
1539231304767570,6318,1859,2650
1539231304790578,6319,2552,2993
1539231304815633,6320,8410,4494
1539231304844719,6321,1656,2532
1539231304867146,6322,1656,2544
1539231304889728,6323,1717,2580
1539231304912717,6324,2579,2981
1539231304937729,6325,8427,4498
1539231304966516,6326,1642,2563
1539231304988926,6327,1680,2545
1539231305012022,6328,1742,2593
1539231305035251,6329,2571,3090
1539231305060306,6330,8445,4496
1539231305089137,6331,1658,2536
1539231305112028,6332,1676,2539
1539231305134235,6333,1713,2578
1539231305156551,6334,2601,2981
1539231305181081,6335,8572,4502
1539231305210594,6336,1643,2544
1539231305233802,6337,1652,2557
1539231305257294,6338,1746,2580
1539231305279612,6339,2581,2979
1539231305304321,6340,8407,4501
1539231305333210,6341,1661,2543
1539231305355828,6342,1667,2539
1539231305378589,6343,1718,2573
1539231305401637,6344,2575,2980
1539231305426689,6345,8439,4500
1539231305455435,6346,1636,2550
1539231305478065,6347,1657,2537
1539231305501038,6348,1734,2569
1539231305523903,6349,2575,2991
1539231305548417,6350,8429,4499
1539231305577170,6351,1649,2520
1539231305599572,6352,1663,2542
1539231305622715,6353,1714,2569
1539231305644954,6354,2592,2997
1539231305670439,6355,8470,4523
1539231305699184,6356,1643,2547
1539231305721420,6357,1649,2548
1539231305743687,6358,1725,2573
1539231305766790,6359,2819,3044
1539231305792566,6360,8432,4529
1539231305821301,6361,1664,2574
1539231305844066,6362,1664,2542
1539231305866588,6363,1713,2582
1539231305889673,6364,2582,3012
1539231305913929,6365,8542,4515
1539231305943068,6366,1644,2546
1539231305965444,6367,1655,2558
1539231305988273,6368,1732,2561
1539231306010773,6369,2560,3059
1539231306035892,6370,10229,4505
1539231306066777,6371,1640,2549
1539231306088836,6372,1681,2538
1539231306111859,6373,1734,2561
1539231306134471,6374,2557,2998
1539231306159792,6375,8573,4493
1539231306188818,6376,1663,2519
1539231306211578,6377,1651,2541
1539231306234161,6378,1711,2577
1539231306257101,6379,2575,3000
1539231306281613,6380,8445,4507
1539231306310411,6381,1644,2547
1539231306332567,6382,1661,2544
1539231306355053,6383,1718,2571
1539231306377848,6384,2565,2993
1539231306402850,6385,8433,4507
1539231306431797,6386,1661,2534
1539231306454862,6387,1651,2544
1539231306478053,6388,1719,2587
1539231306501170,6389,2590,2995
1539231306526526,6390,8435,4497
1539231306555583,6391,1637,2544
1539231306577214,6392,1664,2564
1539231306599595,6393,1709,2594
1539231306622071,6394,2568,2981
1539231306646334,6395,8521,4490
1539231306675594,6396,1642,2551
1539231306698380,6397,1653,2554
1539231306721472,6398,1719,2588
1539231306744648,6399,2613,2997
1539231306769355,6400,8671,4524
1539231306798367,6401,1639,2566
1539231306820642,6402,1675,2543
1539231306843146,6403,1717,2582
1539231306866121,6404,2564,2980
1539231306890912,6405,8420,4504
1539231306919750,6406,1643,2543
1539231306942117,6407,1660,2555
1539231306964336,6408,1732,2568
1539231306987272,6409,2578,2969
1539231307012288,6410,8481,4574
1539231307041523,6411,1658,2553
1539231307063850,6412,1669,2541
1539231307086517,6413,1715,2576
1539231307109269,6414,2586,2997
1539231307134751,6415,8583,4500
1539231307163634,6416,1642,2544
1539231307186587,6417,1659,2539
1539231307208961,6418,1732,2562
1539231307232018,6419,2559,3010
1539231307257226,6420,8454,4496
1539231307286702,6421,1641,2555
1539231307308761,6422,1669,2534
1539231307330881,6423,1818,2616
1539231307353358,6424,2592,2995
1539231307377909,6425,8583,4492
1539231307406962,6426,1648,2551
1539231307430097,6427,1661,2564
1539231307453256,6428,1729,2585
1539231307476291,6429,2595,2990
1539231307500991,6430,8494,4506
1539231307529813,6431,1639,2539
1539231307552217,6432,1668,2550
1539231307575405,6433,1713,2580
1539231307598235,6434,2678,2993
1539231307623394,6435,8474,4495
1539231307653088,6436,1669,2527
1539231307675739,6437,1654,2553
1539231307698327,6438,1720,2576
1539231307720588,6439,2583,3004
1539231307745255,6440,8423,4498
1539231307774801,6441,1636,2562
1539231307796714,6442,1680,2545
1539231307819834,6443,1737,2579
1539231307842553,6444,2563,2989
1539231307867197,6445,8430,4522
1539231307895825,6446,1652,2524
1539231307918804,6447,1681,2546
1539231307941468,6448,1719,2567
1539231307964499,6449,2581,2990
1539231307989333,6450,8460,4560
1539231308018663,6451,1643,2571
1539231308040891,6452,1882,2733
1539231308063627,6453,1720,2578
1539231308086353,6454,2585,2990
1539231308111181,6455,8568,4489
1539231308141392,6456,1655,2556
1539231308164004,6457,1677,2545
1539231308187112,6458,1715,2592
1539231308209472,6459,2572,2984
1539231308234288,6460,8433,4486
1539231308263391,6461,1639,2541
1539231308285465,6462,1649,2542
1539231308308546,6463,1727,2569
1539231308330971,6464,2591,2990
1539231308356019,6465,8434,4523
1539231308385811,6466,1642,2544
1539231308408394,6467,1666,2542
1539231308431497,6468,1719,2561
1539231308454393,6469,2585,2977
1539231308479468,6470,8416,4503
1539231308509274,6471,1656,2539
1539231308531147,6472,1656,2557
1539231308554080,6473,1716,2570
1539231308577040,6474,2575,3002
1539231308602202,6475,8466,4506
1539231308630776,6476,1642,2554
1539231308653240,6477,1680,2547
1539231308675725,6478,1731,2558
1539231308698234,6479,2568,2993
1539231308723506,6480,8476,4498
1539231308752602,6481,1656,2550
1539231308775236,6482,1649,2565
1539231308797559,6483,1711,2586
1539231308820522,6484,2581,2986
1539231308844220,6485,8543,4490
1539231308873813,6486,1641,2550
1539231308896945,6487,1666,2549
1539231308920017,6488,1728,2556
1539231308942981,6489,2583,2987
1539231308967250,6490,8446,4498
1539231308996022,6491,1668,2533
1539231309018482,6492,1646,2589
1539231309041436,6493,1787,2599
1539231309064198,6494,2600,3002
1539231309089626,6495,8443,4555
1539231309119281,6496,1640,2558
1539231309141805,6497,1648,2538
1539231309164218,6498,1727,2565
1539231309186334,6499,2561,2971
1539231309210958,6500,8404,4506
1539231309239845,6501,1656,2525
1539231309261843,6502,1654,2549
1539231309284837,6503,1744,2567
1539231309307289,6504,2572,2969
1539231309332448,6505,8609,4522
1539231309361695,6506,1648,2555
1539231309384266,6507,1676,2537
1539231309406582,6508,1721,2576
1539231309429568,6509,2563,2996
1539231309454840,6510,8412,4507
1539231309483678,6511,1643,2547
1539231309505969,6512,1650,2551
1539231309528446,6513,1730,2560
1539231309550578,6514,2567,3018
1539231309575607,6515,8513,4542
1539231309605280,6516,1660,2549
1539231309627419,6517,1654,2556
1539231309650805,6518,1718,2588
1539231309673139,6519,2581,3004
1539231309697967,6520,8431,4504
1539231309726638,6521,1641,2525
1539231309748677,6522,1662,2545
1539231309772036,6523,1790,2590
1539231309795213,6524,2588,2984
1539231309820416,6525,8434,4514
1539231309850009,6526,1642,2543
1539231309872072,6527,1681,2530
1539231309895085,6528,1713,2585
1539231309918100,6529,2557,2995
1539231309942699,6530,8404,4516
1539231309972475,6531,1657,2530
1539231309994495,6532,1652,2548
1539231310017172,6533,1732,2600
1539231310040196,6534,4518,3113
1539231310067338,6535,8420,4500
1539231310096189,6536,1669,2536
1539231310119204,6537,1652,2563
1539231310141839,6538,1720,2568
1539231310165037,6539,2570,2979
1539231310190527,6540,8616,4520
1539231310219484,6541,1641,2553
1539231310242000,6542,1655,2547
1539231310264337,6543,1735,2574
1539231310286825,6544,2588,2978
1539231310311838,6545,8560,4508
1539231310341268,6546,1662,2558
1539231310363898,6547,1666,2541
1539231310386599,6548,1716,2590
1539231310409598,6549,2568,2993
1539231310434188,6550,8596,4492
1539231310463148,6551,1639,2537
1539231310485810,6552,1657,2542
1539231310508776,6553,1729,2567
1539231310530848,6554,2604,2978
1539231310555879,6555,8451,4504
1539231310584437,6556,1655,2531
1539231310606921,6557,1653,2547
1539231310629110,6558,1735,2577
1539231310652213,6559,2584,2993
1539231310676772,6560,8424,4524
1539231310705963,6561,1639,2546
1539231310727823,6562,1673,2540
1539231310750394,6563,1713,2568
1539231310772780,6564,2655,2997
1539231310798445,6565,8430,4482
1539231310827192,6566,1641,2548
1539231310849631,6567,1659,2571
1539231310872269,6568,1729,2556
1539231310895395,6569,2582,2977
1539231310920903,6570,8463,4518
1539231310950003,6571,1640,2559
1539231310972128,6572,1676,2543
1539231310994440,6573,1711,2578
1539231311017280,6574,2581,3023
1539231311041127,6575,8601,4510
1539231311070153,6576,1652,2549
1539231311092657,6577,1678,2536
1539231311116126,6578,1732,2566
1539231311138928,6579,2769,2984
1539231311164157,6580,8402,4504
1539231311192810,6581,1750,2539
1539231311215617,6582,1650,2574
1539231311238478,6583,1724,2580
1539231311261587,6584,2586,2980
1539231311286547,6585,8427,4504
1539231311315594,6586,1643,2538
1539231311337964,6587,1712,2549
1539231311360444,6588,1733,2565
1539231311383100,6589,2571,2977
1539231311408091,6590,8406,4503
1539231311436887,6591,1657,2537
1539231311458920,6592,1654,2559
1539231311481506,6593,1718,2580
1539231311503690,6594,2580,2974
1539231311528623,6595,8426,4523
1539231311558007,6596,1640,2548
1539231311580879,6597,1678,2539
1539231311603166,6598,1800,2579
1539231311625998,6599,2562,2994
1539231311650919,6600,8417,4519
1539231311679874,6601,1664,2549
1539231311702867,6602,1649,2556
1539231311725480,6603,1717,2580
1539231311748592,6604,2606,3001
1539231311773386,6605,8874,4524
1539231311803358,6606,1648,2558
1539231311825471,6607,1663,2551
1539231311848503,6608,1733,2565
1539231311870609,6609,2564,2999
1539231311895529,6610,8442,4505
1539231311924438,6611,1666,2540
1539231311946611,6612,1653,2553
1539231311969474,6613,1712,2585
1539231311991609,6614,2596,2968
1539231312017001,6615,8524,4582
1539231312046823,6616,1655,2539
1539231312069168,6617,1668,2530
1539231312091771,6618,1741,2573
1539231312114169,6619,2548,2984
1539231312139086,6620,8496,4517
1539231312168106,6621,1673,2534
1539231312189949,6622,1652,2533
1539231312212596,6623,1731,2578
1539231312235705,6624,2574,2980
1539231312260929,6625,8454,4517
1539231312289594,6626,1642,2558
1539231312312497,6627,1667,2549
1539231312334946,6628,1709,2568
1539231312357444,6629,2552,3001
1539231312382667,6630,8426,4509
1539231312411633,6631,1645,2542
1539231312433592,6632,1650,2544
1539231312455946,6633,1727,2561
1539231312478557,6634,2558,2982
1539231312502320,6635,8559,4507
1539231312531699,6636,1645,2554
1539231312554271,6637,1662,2549
1539231312576954,6638,1732,2550
1539231312599965,6639,2573,3022
1539231312625110,6640,8477,4509
1539231312654335,6641,1640,2563
1539231312676578,6642,1678,2540
1539231312699686,6643,1730,2566
1539231312721968,6644,2574,2970
1539231312746342,6645,8456,4519
1539231312776225,6646,1711,2559
1539231312798985,6647,1645,2550
1539231312821201,6648,1728,2577
1539231312843533,6649,2586,2984
1539231312868667,6650,8399,4521
1539231312897722,6651,1644,2552
1539231312919508,6652,1661,2546
1539231312942615,6653,1717,2574
1539231312964902,6654,2565,3001
1539231312990401,6655,8421,4575
1539231313019124,6656,1648,2565
1539231313042053,6657,1725,2542
1539231313065191,6658,1735,2586
1539231313088277,6659,2594,2989
1539231313113654,6660,8418,4506
1539231313142763,6661,1642,2547
1539231313164613,6662,1663,2544
1539231313187077,6663,1713,2573
1539231313210069,6664,2577,3002
1539231313234707,6665,8700,4505
1539231313264779,6666,1673,2539
1539231313287423,6667,1655,2552
1539231313310634,6668,1718,2576
1539231313333860,6669,2567,2980
1539231313358809,6670,8420,4519
1539231313387642,6671,1644,2559
1539231313410254,6672,1656,2555
1539231313432721,6673,1737,2558
1539231313455805,6674,2592,2980
1539231313481072,6675,8450,4505
1539231313510544,6676,1647,2538
1539231313532694,6677,1665,2535
1539231313555419,6678,1720,2575
1539231313577744,6679,2559,2997
1539231313602751,6680,8512,4519
1539231313631573,6681,1643,2541
1539231313653310,6682,1666,2559
1539231313675878,6683,1730,2566
1539231313698128,6684,2567,2997
1539231313723146,6685,8428,4509
1539231313751887,6686,1659,2536
1539231313775431,6687,1726,2555
1539231313798029,6688,1714,2592
1539231313820276,6689,2577,2988
1539231313845771,6690,8407,4500
1539231313874474,6691,1641,2551
1539231313896435,6692,1663,2553
1539231313918515,6693,1717,2586
1539231313940980,6694,2580,2992
1539231313965984,6695,8531,4505
1539231313994800,6696,1641,2553
1539231314016883,6697,1680,2568
1539231314040106,6698,1865,2635
1539231314063010,6699,2573,2977
1539231314086632,6700,8449,4515
1539231314115563,6701,1639,2534
1539231314137882,6702,1651,2565
1539231314160639,6703,1735,2573
1539231314183227,6704,2585,2970
1539231314208635,6705,8422,4521
1539231314237543,6706,1652,2540
1539231314259771,6707,1677,2543
1539231314281942,6708,1717,2582
1539231314304843,6709,2599,2993
1539231314330017,6710,8410,4503
1539231314358993,6711,1641,2552
1539231314381065,6712,1681,2541
1539231314404168,6713,1741,2559
1539231314426398,6714,2559,2993
1539231314451526,6715,8418,4503
1539231314480727,6716,1669,2529
1539231314503552,6717,1654,2557
1539231314525913,6718,1714,2574
1539231314548800,6719,2586,2990
1539231314574211,6720,8420,4489
1539231314603283,6721,1640,2585
1539231314625251,6722,1676,2547
1539231314647898,6723,1729,2566
1539231314670609,6724,2575,2990
1539231314695167,6725,8501,4492
1539231314724932,6726,1666,2527
1539231314747622,6727,1651,2551
1539231314770799,6728,1745,2618
1539231314794130,6729,2566,2982
1539231314818943,6730,8420,4510
1539231314847949,6731,1653,2546
1539231314870438,6732,1653,2558
1539231314893480,6733,1720,2573
1539231314916351,6734,2585,2982
1539231314941500,6735,8426,4495
1539231314971107,6736,1637,2539
1539231314993368,6737,1664,2565
1539231315015915,6738,1744,2582
1539231315039009,6739,2805,3042
1539231315064346,6740,8384,4495
1539231315093102,6741,1670,2540
1539231315115238,6742,1654,2547
1539231315138145,6743,1720,2613
1539231315160976,6744,2594,2988
1539231315186053,6745,8420,4490
1539231315214603,6746,1645,2538
1539231315236965,6747,1678,2543
1539231315260195,6748,1732,2566
1539231315282847,6749,2570,2991
1539231315308210,6750,8388,4511
1539231315337178,6751,1652,2528
1539231315359528,6752,1648,2554
1539231315381710,6753,1709,2568
1539231315404905,6754,2595,3005
1539231315429604,6755,8543,4482
1539231315459691,6756,1642,2546
1539231315482373,6757,1650,2560
1539231315505557,6758,1716,2571
1539231315527724,6759,2575,2963
1539231315552268,6760,8397,4510
1539231315581121,6761,1657,2530
1539231315603647,6762,1659,2573
1539231315626614,6763,1717,2568
1539231315648974,6764,2595,2991
1539231315674054,6765,8561,4507
1539231315703710,6766,1640,2556
1539231315726338,6767,1662,2563
1539231315749193,6768,1747,2578
1539231315771759,6769,2592,3015
1539231315796904,6770,8392,4519
1539231315826821,6771,1645,2567
1539231315848691,6772,1679,2536
1539231315871368,6773,1717,2589
1539231315894677,6774,2546,2983
1539231315919744,6775,8425,4505
1539231315948708,6776,1662,2529
1539231315971038,6777,1655,2546
1539231315994064,6778,1720,2590
1539231316017165,6779,2598,3016
1539231316042507,6780,8450,4511
1539231316071327,6781,1636,2550
1539231316093703,6782,1651,2538
1539231316116739,6783,1727,2562
1539231316138695,6784,2632,3021
1539231316162967,6785,8539,4510
1539231316192856,6786,1670,2537
1539231316216063,6787,1692,2531
1539231316239389,6788,1718,2591
1539231316262211,6789,2557,2984
1539231316287056,6790,8448,4498
1539231316316074,6791,1652,2547
1539231316338344,6792,1652,2557
1539231316361383,6793,1750,2575
1539231316384240,6794,2586,2998
1539231316409598,6795,8429,4483
1539231316438847,6796,1645,2569
1539231316461378,6797,1668,2543
1539231316484126,6798,1729,2574
1539231316506039,6799,2555,2979
1539231316530947,6800,8422,4496
1539231316560723,6801,1663,2522
1539231316582910,6802,1650,2556
1539231316605593,6803,1714,2602
1539231316627907,6804,2588,2988
1539231316652917,6805,8416,4539
1539231316682075,6806,1638,2543
1539231316705116,6807,1664,2527
1539231316727551,6808,1716,2583
1539231316750577,6809,2552,2996
1539231316775807,6810,8642,4533
1539231316805350,6811,1663,2546
1539231316827797,6812,1683,2527
1539231316850635,6813,1719,2589
1539231316873375,6814,2595,3003
1539231316898347,6815,8535,4500
1539231316927230,6816,1642,2560
1539231316949178,6817,1676,2526
1539231316971913,6818,1740,2568
1539231316994934,6819,2570,2978
1539231317019983,6820,8474,4578
1539231317049906,6821,1641,2564
1539231317072156,6822,1682,2544
1539231317094522,6823,1712,2585
1539231317116816,6824,2600,2998
1539231317142015,6825,8448,4507
1539231317171646,6826,1648,2553
1539231317194170,6827,1657,2549
1539231317217234,6828,1731,2592
1539231317239507,6829,2581,2982
1539231317263125,6830,8391,4521
1539231317291923,6831,1666,2539
1539231317314246,6832,1655,2564
1539231317337123,6833,1729,2581
1539231317359832,6834,2589,3005
1539231317385573,6835,8430,4503
1539231317414566,6836,1641,2539
1539231317437448,6837,1651,2545
1539231317460058,6838,1752,2574
1539231317482884,6839,2560,2963
1539231317507490,6840,8456,4496
1539231317536242,6841,1665,2534
1539231317558230,6842,1655,2557
1539231317580927,6843,1738,2561
1539231317604015,6844,2588,3016
1539231317628333,6845,8534,4490
1539231317658120,6846,1643,2557
1539231317680283,6847,1679,2533
1539231317703508,6848,1717,2583
1539231317725892,6849,2561,2978
1539231317750885,6850,8443,4494
1539231317780273,6851,1706,2578
1539231317803259,6852,1651,2556
1539231317825803,6853,1714,2555
1539231317848998,6854,2585,2999
1539231317873870,6855,8435,4508
1539231317902444,6856,1639,2550
1539231317924713,6857,1664,2544
1539231317947480,6858,1721,2577
1539231317970251,6859,2560,2993
1539231317995211,6860,8435,4569
1539231318024538,6861,1668,2577
1539231318046855,6862,1650,2539
1539231318069296,6863,1745,2566
1539231318092298,6864,2601,2978
1539231318117622,6865,8423,4481
1539231318146375,6866,1641,2549
1539231318169466,6867,1660,2553
1539231318192034,6868,1730,2563
1539231318214835,6869,2540,2993
1539231318239922,6870,8413,4513
1539231318269307,6871,1667,2547
1539231318291313,6872,1657,2564
1539231318313322,6873,1745,2577
1539231318336519,6874,2602,2997
1539231318360969,6875,8603,4506
1539231318390511,6876,1643,2543
1539231318413338,6877,1666,2549
1539231318436387,6878,1729,2555
1539231318459689,6879,2579,2975
1539231318483415,6880,8439,4496
1539231318512085,6881,1650,2531
1539231318534679,6882,1656,2551
1539231318557319,6883,1729,2570
1539231318580233,6884,2601,2991
1539231318604880,6885,8614,4506
1539231318633902,6886,1640,2541
1539231318655932,6887,1668,2535
1539231318678076,6888,1720,2575
1539231318700301,6889,2577,2983
1539231318725352,6890,8433,4498
1539231318754150,6891,1640,2557
1539231318776544,6892,1735,2571
1539231318799887,6893,1734,2560
1539231318822859,6894,2570,2980
1539231318848480,6895,8449,4515
1539231318877155,6896,1656,2531
1539231318900035,6897,1674,2541
1539231318922602,6898,1717,2585
1539231318945000,6899,2578,2986
1539231318970517,6900,8566,4494
1539231318999570,6901,1645,2611
1539231319022484,6902,1648,2586
1539231319045298,6903,1733,2595
1539231319068320,6904,2598,3006
1539231319092799,6905,8568,4516
1539231319121655,6906,1639,2548
1539231319144491,6907,1681,2544
1539231319167747,6908,1734,2550
1539231319190666,6909,2550,2984
1539231319215366,6910,8446,4524
1539231319244139,6911,1661,2540
1539231319266569,6912,1648,2551
1539231319289344,6913,1734,2582
1539231319311465,6914,2609,2973
1539231319337000,6915,8460,4494
1539231319366880,6916,1643,2538
1539231319389359,6917,1667,2552
1539231319412102,6918,1729,2567
1539231319434167,6919,2567,2994
1539231319459517,6920,8397,4514
1539231319488940,6921,1669,2522
1539231319511144,6922,1647,2560
1539231319534197,6923,1719,2566
1539231319557200,6924,2578,3004
1539231319582601,6925,8428,4514
1539231319611441,6926,1787,2568
1539231319634577,6927,1652,2554
1539231319656981,6928,1730,2566
1539231319680048,6929,2568,3000
1539231319704784,6930,8463,4524
1539231319733794,6931,1650,2558
1539231319755528,6932,1650,2551
1539231319778668,6933,1719,2593
1539231319801682,6934,2686,3009
1539231319826300,6935,8751,4528
1539231319855211,6936,1640,2557
1539231319878488,6937,1687,2551
1539231319900814,6938,1729,2550
1539231319923893,6939,2588,3005
1539231319948762,6940,8431,4519
1539231319977626,6941,1639,2550
1539231320000249,6942,1684,2580
1539231320022843,6943,1716,2617
1539231320045669,6944,2568,2993
1539231320070976,6945,8454,4491
1539231320100325,6946,1659,2527
1539231320122788,6947,1651,2560
1539231320145462,6948,1720,2569
1539231320168257,6949,2581,2990
1539231320192825,6950,8649,4498
1539231320221939,6951,1639,2541
1539231320243899,6952,1672,2538
1539231320266560,6953,1714,2580
1539231320289266,6954,2579,3007
1539231320314312,6955,8533,4509
1539231320343256,6956,1637,2533
1539231320365823,6957,1654,2550
1539231320388196,6958,1735,2569
1539231320410748,6959,2554,2984
1539231320435960,6960,8592,4495
1539231320465117,6961,1661,2545
1539231320486980,6962,1648,2546
1539231320509499,6963,1713,2587
1539231320531517,6964,2585,2978
1539231320554776,6965,8534,4488
1539231320584301,6966,1657,2531
1539231320606818,6967,1654,2563
1539231320629785,6968,1718,2595
1539231320652875,6969,2588,3028
1539231320677544,6970,8429,4512
1539231320706603,6971,1641,2548
1539231320728691,6972,1661,2541
1539231320751318,6973,1716,2587
1539231320774254,6974,2598,2996
1539231320800101,6975,8572,4491
1539231320830154,6976,1643,2555
1539231320852113,6977,1675,2535
1539231320874485,6978,1713,2584
1539231320896601,6979,2575,2979
1539231320921221,6980,8445,4505
1539231320950013,6981,1643,2540
1539231320972062,6982,1668,2529
1539231320994678,6983,1723,2562
1539231321017823,6984,2697,3035
1539231321043459,6985,8428,4494
1539231321072388,6986,1654,2538
1539231321095489,6987,1651,2549
1539231321118379,6988,1719,2590
1539231321141640,6989,2614,2994
1539231321166727,6990,8515,4500
1539231321195507,6991,1652,2547
1539231321218250,6992,1659,2552
1539231321240684,6993,1734,2575
1539231321263703,6994,2605,2992
1539231321288406,6995,8529,4514
1539231321318459,6996,1650,2545
1539231321340584,6997,1666,2538
1539231321363729,6998,1730,2569
1539231321386151,6999,2562,2982
1539231321410753,7000,8452,4492
1539231321439848,7001,1654,2545
1539231321462538,7002,1657,2553
1539231321485140,7003,1730,2592
1539231321508361,7004,2608,2994
1539231321533534,7005,8463,4505
1539231321562912,7006,1638,2541
1539231321585284,7007,1799,2579
1539231321608358,7008,1743,2560
1539231321630651,7009,2555,2981
1539231321655635,7010,8430,4498
1539231321684392,7011,1652,2529
1539231321706617,7012,1655,2551
1539231321729746,7013,1714,2575
1539231321752087,7014,2583,3008
1539231321777667,7015,8713,4540
1539231321807255,7016,1654,2552
1539231321830107,7017,1655,2539
1539231321852690,7018,1732,2564
1539231321875504,7019,2565,2979
1539231321900545,7020,8446,4512
1539231321929342,7021,1653,2561
1539231321951761,7022,1675,2542
1539231321974391,7023,1710,2570
1539231321996647,7024,2584,3031
1539231322022010,7025,8523,4576
1539231322053042,7026,1657,2539
1539231322075689,7027,1662,2547
1539231322098656,7028,1720,2585
1539231322121592,7029,2566,2993
1539231322146537,7030,8460,4513
1539231322175777,7031,1666,2548
1539231322198263,7032,1776,2572
1539231322220690,7033,1729,2568
1539231322243326,7034,2582,3006
1539231322268270,7035,8432,4496
1539231322297100,7036,1659,2539
1539231322319861,7037,1668,2543
1539231322342076,7038,1711,2579
1539231322364944,7039,2575,2998
1539231322389633,7040,8426,4503
1539231322418721,7041,1639,2546
1539231322440863,7042,1787,2544
1539231322463148,7043,1720,2577
1539231322485935,7044,2573,2992
1539231322511365,7045,8416,4513
1539231322540024,7046,1653,2532
1539231322562935,7047,1659,2551
1539231322585775,7048,1720,2578
1539231322608765,7049,2571,3000
1539231322634344,7050,8403,4514
1539231322663423,7051,1641,2545
1539231322685468,7052,1649,2541
1539231322708097,7053,1731,2582
1539231322730648,7054,2563,2995
1539231322755403,7055,8563,4581
1539231322785811,7056,1716,2549
1539231322808950,7057,1764,2546
1539231322831912,7058,1730,2565
1539231322854375,7059,2557,2982
1539231322878850,7060,8409,4491
1539231322907569,7061,1647,2547
1539231322929958,7062,1656,2552
1539231322952629,7063,1734,2578
1539231322974705,7064,2570,2991
1539231322999708,7065,8597,4609
1539231323028761,7066,1657,2580
1539231323051494,7067,1658,2551
1539231323073996,7068,1721,2579
1539231323096182,7069,2565,3008
1539231323121086,7070,8428,4501
1539231323150060,7071,1639,2543
1539231323171882,7072,1664,2547
1539231323194492,7073,1717,2587
1539231323217650,7074,2577,2983
1539231323242907,7075,8423,4509
1539231323271674,7076,1644,2547
1539231323294635,7077,1653,2558
1539231323317294,7078,1728,2582
1539231323340233,7079,2578,3003
1539231323365563,7080,8415,4505
1539231323394566,7081,1637,2563
1539231323416439,7082,1668,2545
1539231323438706,7083,1715,2582
1539231323461048,7084,2596,2996
1539231323485672,7085,8559,4496
1539231323515611,7086,1645,2556
1539231323538224,7087,1653,2544
1539231323561270,7088,1730,2573
1539231323584411,7089,2595,2995
1539231323609130,7090,8551,4503
1539231323637845,7091,1642,2554
1539231323660214,7092,1684,2535
1539231323683096,7093,1711,2577
1539231323705671,7094,2576,2989
1539231323730643,7095,8436,4503
1539231323760119,7096,1656,2542
1539231323783164,7097,1660,2564
1539231323805940,7098,1715,2567
1539231323828721,7099,2682,2997
1539231323853876,7100,8421,4518
1539231323882766,7101,1640,2564
1539231323904711,7102,1667,2538
1539231323927103,7103,1720,2581
1539231323950359,7104,2557,2992
1539231323975376,7105,8503,4499
1539231324004146,7106,1667,2550
1539231324027181,7107,1651,2585
1539231324050564,7108,1719,2581
1539231324073460,7109,2551,3002
1539231324098491,7110,8423,4503
1539231324127504,7111,1643,2556
1539231324150097,7112,1650,2561
1539231324172607,7113,1723,2562
1539231324194792,7114,2567,3015
1539231324219693,7115,8564,4498
1539231324249551,7116,1644,2552
1539231324272191,7117,1682,2532
1539231324295465,7118,1719,2576
1539231324318491,7119,2571,2974
1539231324343246,7120,8431,4495
1539231324371912,7121,1658,2542
1539231324394506,7122,1646,2547
1539231324417416,7123,1714,2580
1539231324439829,7124,2663,3002
1539231324464762,7125,8463,4519
1539231324494173,7126,1644,2544
1539231324516661,7127,1670,2548
1539231324539076,7128,1724,2574
1539231324561474,7129,2567,2988
1539231324586293,7130,8462,4500
1539231324614943,7131,1647,2565
1539231324637132,7132,1672,2544
1539231324659430,7133,1716,2578
1539231324682756,7134,2547,2995
1539231324707974,7135,8426,4491
1539231324736805,7136,1655,2532
1539231324759586,7137,1653,2564
1539231324782557,7138,1729,2596
1539231324805270,7139,2679,2984
1539231324830466,7140,8450,4495
1539231324859546,7141,1642,2561
1539231324881510,7142,1651,2553
1539231324904002,7143,1726,2567
1539231324926277,7144,2560,2980
1539231324950768,7145,8554,4503
1539231324980714,7146,1655,2534
1539231325003205,7147,1659,2591
1539231325026724,7148,1712,2617
1539231325050616,7149,2578,2989
1539231325075189,7150,8441,4512
1539231325104036,7151,1665,2534
1539231325126734,7152,1653,2568
1539231325149525,7153,1717,2583
1539231325172064,7154,2596,3008
1539231325197230,7155,8466,4491
1539231325226488,7156,1704,2548
1539231325249233,7157,1684,2547
1539231325272431,7158,1740,2563
1539231325294675,7159,2553,2999
1539231325319202,7160,8394,4508
1539231325348265,7161,1662,2521
1539231325370420,7162,1657,2548
1539231325392810,7163,1731,2569
1539231325415192,7164,2585,2967
1539231325440595,7165,8430,4510
1539231325469144,7166,1653,2531
1539231325492191,7167,1674,2542
1539231325514904,7168,1727,2596
1539231325537135,7169,2576,2989
1539231325562587,7170,8419,4494
1539231325591748,7171,1666,2527
1539231325613387,7172,1682,2550
1539231325635601,7173,1714,2579
1539231325658579,7174,2570,2994
1539231325682279,7175,8549,4506
1539231325711809,7176,1669,2536
1539231325734539,7177,1649,2570
1539231325757265,7178,1752,2585
1539231325780922,7179,2644,3018
1539231325805976,7180,8577,4503
1539231325834860,7181,1644,2542
1539231325857223,7182,1669,2570
1539231325879924,7183,1740,2572
1539231325902099,7184,2582,2982
1539231325927156,7185,8600,4502
1539231325956965,7186,1672,2530
1539231325978817,7187,1657,2558
1539231326001847,7188,1719,2608
1539231326024105,7189,2581,3054
1539231326049363,7190,8441,4503
1539231326078734,7191,1640,2553
1539231326100720,7192,1677,2534
1539231326123973,7193,1744,2561
1539231326146653,7194,2556,2984
1539231326171775,7195,8412,4490
1539231326201275,7196,1656,2534
1539231326224314,7197,1667,2532
1539231326246631,7198,1717,2590
1539231326269511,7199,2550,3005
1539231326294235,7200,8434,4503
1539231326322946,7201,1647,2556
1539231326345163,7202,1684,2547
1539231326367422,7203,1712,2577
1539231326389955,7204,2566,2982
1539231326415004,7205,8499,4505
1539231326444595,7206,1672,2535
1539231326467147,7207,1651,2544
1539231326489305,7208,1748,2568
1539231326512347,7209,2576,2982
1539231326537092,7210,8458,4491
1539231326565874,7211,1643,2538
1539231326588440,7212,1681,2540
1539231326611386,7213,1712,2579
1539231326634486,7214,2571,2989
1539231326659785,7215,8460,4502
1539231326689247,7216,1659,2551
1539231326711850,7217,1678,2539
1539231326734371,7218,1724,2581
1539231326757377,7219,2580,2984
1539231326783194,7220,8677,4533
1539231326812504,7221,1666,2535
1539231326834655,7222,1657,2547
1539231326857517,7223,1714,2565
1539231326879942,7224,2566,2995
1539231326904663,7225,8431,4516
1539231326933262,7226,1667,2550
1539231326956005,7227,1681,2540
1539231326978313,7228,1716,2579
1539231327001481,7229,2659,3031
1539231327026939,7230,8514,4653
1539231327055882,7231,1652,2547
1539231327078580,7232,1656,2552
1539231327100962,7233,1730,2566
1539231327123504,7234,2594,2983
1539231327148040,7235,8658,4524
1539231327178205,7236,1646,2556
1539231327201084,7237,1666,2547
1539231327224552,7238,1814,2588
1539231327247792,7239,2587,2970
1539231327272264,7240,8438,4503
1539231327301038,7241,1655,2533
1539231327323432,7242,1658,2548
1539231327346711,7243,1708,2584
1539231327369761,7244,2563,2964
1539231327395051,7245,8408,4490
1539231327423818,7246,1660,2539
1539231327446339,7247,1654,2543
1539231327468696,7248,1725,2566
1539231327491433,7249,2574,2984
1539231327516418,7250,8430,4490
1539231327545178,7251,1656,2533
1539231327567153,7252,1652,2572
1539231327589389,7253,1730,2597
1539231327612392,7254,2598,3002
1539231327637551,7255,8428,4501
1539231327666514,7256,1654,2546
1539231327689366,7257,1680,2546
1539231327711915,7258,1731,2570
1539231327734239,7259,2548,2990
1539231327758958,7260,8557,4582
1539231327788678,7261,1747,2561
1539231327811352,7262,1659,2541
1539231327833957,7263,1828,2608
1539231327856551,7264,2591,3002
1539231327881364,7265,8571,4506
1539231327911399,7266,1650,2563
1539231327933960,7267,1650,2556
1539231327957217,7268,1728,2599
1539231327979503,7269,2687,2980
1539231328004388,7270,8485,4583
1539231328033225,7271,1658,2628
1539231328056257,7272,1666,2532
1539231328078488,7273,1716,2574
1539231328101597,7274,2571,2996
1539231328126869,7275,8449,4513
1539231328156943,7276,1670,2547
1539231328179363,7277,1646,2551
1539231328201629,7278,1718,2586
1539231328223723,7279,2594,2988
1539231328248317,7280,8397,4508
1539231328277128,7281,1668,2527
1539231328299332,7282,1650,2548
1539231328322118,7283,1716,2581
1539231328344997,7284,2571,3003
1539231328369975,7285,8431,4508
1539231328398792,7286,1647,2548
1539231328421928,7287,1655,2558
1539231328445145,7288,1731,2597
1539231328468028,7289,2571,2987
1539231328493269,7290,8458,4498
1539231328522333,7291,1639,2553
1539231328544150,7292,1677,2533
1539231328566263,7293,1705,2556
1539231328589356,7294,2593,2979
1539231328614336,7295,8565,4523
1539231328644401,7296,1656,2529
1539231328666794,7297,1650,2570
1539231328689826,7298,1723,2567
1539231328712808,7299,2584,2981
1539231328737643,7300,8427,4491
1539231328766425,7301,1742,2609
1539231328789508,7302,1790,2559
1539231328812734,7303,1729,2569
1539231328835624,7304,2595,2968
1539231328860663,7305,8455,4512
1539231328890346,7306,1646,2557
1539231328912452,7307,1682,2533
1539231328934931,7308,1711,2572
1539231328957312,7309,2586,2992
1539231328982726,7310,8437,4497
1539231329011904,7311,1657,2574
1539231329033736,7312,1654,2623
1539231329057255,7313,1737,2571
1539231329079492,7314,2581,2976
1539231329104584,7315,8418,4521
1539231329133444,7316,1640,2546
1539231329156630,7317,1670,2532
1539231329179121,7318,1719,2582
1539231329202226,7319,2542,3002
1539231329226920,7320,8437,4498
1539231329255626,7321,1642,2546
1539231329277679,7322,1662,2554
1539231329299740,7323,1733,2563
1539231329321955,7324,2581,2991
1539231329346054,7325,8548,4496
1539231329376124,7326,1658,2546
1539231329398478,7327,1665,2545
1539231329421655,7328,1719,2589
1539231329444531,7329,2611,2992
1539231329469301,7330,8444,4500
1539231329498150,7331,1642,2546
1539231329520521,7332,1682,2529
1539231329543303,7333,1711,2585
1539231329566354,7334,2568,2986
1539231329591537,7335,8465,4487
1539231329620951,7336,1661,2551
1539231329643417,7337,1647,2543
1539231329666206,7338,1724,2577
1539231329689017,7339,2583,2994
1539231329714309,7340,8446,4509
1539231329743843,7341,1660,2531
1539231329765577,7342,1718,2623
1539231329789505,7343,1845,2586
1539231329812292,7344,2714,3002
1539231329837442,7345,8404,4510
1539231329866268,7346,1642,2558
1539231329889121,7347,1685,2527
1539231329911871,7348,1727,2562
1539231329934386,7349,2563,2971
1539231329959256,7350,8434,4508
1539231329988008,7351,1671,2537
1539231330010249,7352,1750,2595
1539231330032938,7353,1724,2611
1539231330056390,7354,2597,2995
1539231330081302,7355,8520,4507
1539231330110131,7356,1645,2540
1539231330132603,7357,1670,2530
1539231330156131,7358,1729,2581
1539231330178726,7359,2574,2984
1539231330203586,7360,8446,4491
1539231330232478,7361,1660,2540
1539231330255087,7362,1650,2541
1539231330277648,7363,1713,2569
1539231330300233,7364,2606,2995
1539231330325434,7365,8418,4494
1539231330354507,7366,1647,2550
1539231330377202,7367,1663,2570
1539231330399980,7368,1744,2564
1539231330422107,7369,2573,3005
1539231330447549,7370,8371,4516
1539231330476295,7371,1656,2539
1539231330498382,7372,1653,2561
1539231330521116,7373,1722,2591
1539231330544219,7374,2572,3006
1539231330569972,7375,8401,4516
1539231330598584,7376,1638,2545
1539231330621525,7377,1651,2567
1539231330644119,7378,1728,2577
1539231330667091,7379,2561,2976
1539231330692788,7380,8449,4510
1539231330721813,7381,1641,2553
1539231330744426,7382,1682,2544
1539231330766555,7383,1885,2675
1539231330789528,7384,2710,3003
1539231330813775,7385,8540,4490
1539231330842686,7386,1642,2588
1539231330865493,7387,1658,2555
1539231330888648,7388,1728,2565
1539231330911097,7389,2577,2974
1539231330936164,7390,8466,4508
1539231330965100,7391,1661,2538
1539231330987542,7392,1653,2557
1539231331010519,7393,1716,2629
1539231331033492,7394,2580,3559
1539231331059509,7395,8472,4506
1539231331088998,7396,1670,2542
1539231331111331,7397,1653,2547
1539231331133868,7398,1714,2563
1539231331156154,7399,2589,3006
1539231331179748,7400,8441,4497
1539231331208802,7401,1653,2528
1539231331230678,7402,1656,2551
1539231331253366,7403,1836,2574
1539231331275730,7404,2571,2973
1539231331300790,7405,8503,4518
1539231331329668,7406,1643,2541
1539231331352641,7407,1662,2527
1539231331375443,7408,1715,2578
1539231331398423,7409,2552,3004
1539231331423414,7410,8433,4499
1539231331452377,7411,1658,2544
1539231331474534,7412,1646,2542
1539231331497059,7413,1740,2562
1539231331519315,7414,2575,2978
1539231331543545,7415,8586,4514
1539231331573719,7416,1642,2554
1539231331595700,7417,1665,2555
1539231331618829,7418,1719,2586
1539231331641948,7419,2574,2999
1539231331666635,7420,8469,4518
1539231331695455,7421,1647,2555
1539231331717808,7422,1651,2551
1539231331740825,7423,1732,2570
1539231331763061,7424,2592,3060
1539231331788991,7425,8663,4540
1539231331818556,7426,1649,2562
1539231331841329,7427,1695,2555
1539231331863793,7428,1739,2602
1539231331886051,7429,2562,2981
1539231331910942,7430,8417,4493
1539231331939867,7431,1653,2529
1539231331961651,7432,1659,2541
1539231331984509,7433,1736,2563
1539231332007141,7434,2605,3063
1539231332032401,7435,10116,4569
1539231332062887,7436,1640,2557
1539231332085312,7437,1678,2554
1539231332107688,7438,1724,2554
1539231332130939,7439,2560,2975
1539231332155348,7440,8459,4506
1539231332184236,7441,1655,2541
1539231332206620,7442,1648,2545
1539231332229282,7443,1730,2583
1539231332252103,7444,2579,3002
1539231332276482,7445,8583,4524
1539231332305352,7446,1659,2540
1539231332327147,7447,1655,2548
1539231332350340,7448,1718,2576
1539231332373378,7449,2578,2982
1539231332397511,7450,8448,4504
1539231332426448,7451,1635,2560
1539231332448511,7452,1666,2539
1539231332471408,7453,1717,2567
1539231332493876,7454,2592,2982
1539231332518985,7455,8457,4506
1539231332548403,7456,1652,2529
1539231332570920,7457,1652,2544
1539231332593515,7458,1718,2572
1539231332616387,7459,2573,3012
1539231332641613,7460,8421,4510
1539231332670621,7461,1639,2550
1539231332692533,7462,1667,2538
1539231332715247,7463,1719,2571
1539231332738336,7464,2564,2979
1539231332763296,7465,8809,4533
1539231332792986,7466,1779,2531
1539231332816520,7467,1667,2538
1539231332838638,7468,1717,2580
1539231332861579,7469,2571,2989
1539231332886758,7470,8561,4491
1539231332915582,7471,1639,2549
1539231332937960,7472,1656,2552
1539231332960259,7473,1728,2569
1539231332982444,7474,2565,2985
1539231333006602,7475,8597,4565
1539231333036169,7476,3166,2734
1539231333060115,7477,1677,2544
1539231333083212,7478,1719,2566
1539231333106446,7479,2580,2982
1539231333131389,7480,8456,4549
1539231333160615,7481,1666,2539
1539231333183020,7482,1653,2548
1539231333205509,7483,1714,2587
1539231333227671,7484,2588,2975
1539231333252789,7485,8426,4516
1539231333282191,7486,1642,2551
1539231333305346,7487,1668,2567
1539231333328244,7488,1743,2560
1539231333350783,7489,2550,2978
1539231333375607,7490,8399,4506
1539231333404517,7491,1675,2535
1539231333426647,7492,1649,2556
1539231333449237,7493,1742,2575
1539231333472037,7494,2590,2979
1539231333497357,7495,8462,4501
1539231333527009,7496,1647,2542
1539231333549311,7497,1680,2560
1539231333571654,7498,1715,2566
1539231333594604,7499,2553,2988
1539231333619742,7500,8411,4520
1539231333648586,7501,1660,2546
1539231333671299,7502,1658,2555
1539231333693900,7503,1716,2566
1539231333716610,7504,2584,3012
1539231333741691,7505,8544,4492
1539231333772043,7506,1678,2589
1539231333795175,7507,1664,2560
1539231333817727,7508,1720,2569
1539231333840709,7509,2587,2995
1539231333865380,7510,8434,4508
1539231333894349,7511,1636,2550
1539231333916562,7512,1682,2546
1539231333939315,7513,1712,2580
1539231333962146,7514,2586,2986
1539231333987575,7515,8467,4495
1539231334016648,7516,1658,2551
1539231334039526,7517,1753,2738
1539231334062478,7518,1725,2575
1539231334085186,7519,2578,3005
1539231334110286,7520,8418,4525
1539231334139750,7521,1641,2564
1539231334162063,7522,1679,2549
1539231334185378,7523,1738,2581
1539231334207954,7524,2573,2987
1539231334232864,7525,8521,4521
1539231334261802,7526,1641,2553
1539231334284108,7527,1679,2538
1539231334307155,7528,1718,2574
1539231334329948,7529,2545,2977
1539231334354786,7530,8410,4508
1539231334383847,7531,1658,2536
1539231334406247,7532,1652,2553
1539231334428999,7533,1728,2569
1539231334451407,7534,2581,2973
1539231334474938,7535,8563,4490
1539231334504539,7536,1657,2533
1539231334526785,7537,1660,2567
1539231334549888,7538,1715,2572
1539231334572916,7539,2583,2979
1539231334597888,7540,8462,4490
1539231334626951,7541,1645,2569
1539231334649177,7542,1679,2557
1539231334671809,7543,1738,2601
1539231334694259,7544,2563,2999
1539231334719655,7545,8463,4501
1539231334749056,7546,1658,2527
1539231334771511,7547,1655,2582
1539231334794540,7548,1722,2592
1539231334817811,7549,2588,2992
1539231334842806,7550,8397,4506
1539231334871789,7551,1665,2529
1539231334893765,7552,1654,2542
1539231334916558,7553,1733,2571
1539231334939325,7554,2612,2976
1539231334964739,7555,8416,4511
1539231334993368,7556,1655,2556
1539231335016171,7557,1690,2570
1539231335038623,7558,1840,2589
1539231335060942,7559,2596,3007
1539231335085964,7560,8401,4489
1539231335114911,7561,1644,2563
1539231335136970,7562,1670,2547
1539231335159579,7563,1715,2578
1539231335182579,7564,2581,2990
1539231335206984,7565,8591,4495
1539231335237289,7566,1664,2568
1539231335259927,7567,1671,2540
1539231335282730,7568,1718,2579
1539231335305130,7569,2591,2991
1539231335330627,7570,8562,4500
1539231335359765,7571,1661,2543
1539231335382079,7572,1652,2577
1539231335404740,7573,1728,2562
1539231335426934,7574,2601,2987
1539231335452462,7575,8431,4529
1539231335481020,7576,1660,2529
1539231335503577,7577,1652,2552
1539231335526618,7578,1715,2569
1539231335549474,7579,2585,2987
1539231335574703,7580,8420,4506
1539231335603612,7581,1647,2547
1539231335625758,7582,1653,2557
1539231335648140,7583,1728,2564
1539231335671153,7584,2591,2976
1539231335696146,7585,8443,4498
1539231335725076,7586,1663,2531
1539231335747888,7587,1664,2543
1539231335770524,7588,1888,2614
1539231335794046,7589,2594,3006
1539231335819554,7590,8439,4515
1539231335848651,7591,1655,2529
1539231335871363,7592,1650,2575
1539231335893768,7593,1715,2586
1539231335915931,7594,2598,2993
1539231335940371,7595,8564,4516
1539231335970410,7596,1646,2544
1539231335992450,7597,1683,2546
1539231336015926,7598,1735,2598
1539231336039044,7599,2795,3155
1539231336062992,7600,8430,4510
1539231336092110,7601,1655,2543
1539231336114721,7602,1655,2565
1539231336137543,7603,1716,2582
1539231336160214,7604,2606,3001
1539231336185667,7605,8451,4508
1539231336215577,7606,1643,2545
1539231336237892,7607,1653,2539
1539231336260804,7608,1734,2559
1539231336282895,7609,2582,2976
1539231336307938,7610,8415,4502
1539231336336683,7611,1657,2534
1539231336359084,7612,1655,2552
1539231336381605,7613,1714,2575
1539231336403712,7614,2590,2970
1539231336428853,7615,8442,4509
1539231336458057,7616,1641,2546
1539231336480807,7617,1677,2551
1539231336503422,7618,1717,2574
1539231336526616,7619,2547,2995
1539231336551679,7620,8479,4492
1539231336580791,7621,1661,2552
1539231336603601,7622,1653,2554
1539231336625902,7623,1714,2575
1539231336649147,7624,2586,2985
1539231336674156,7625,8546,4484
1539231336704249,7626,1653,2533
1539231336726928,7627,1650,2563
1539231336750117,7628,1728,2587
1539231336773585,7629,2738,3010
1539231336799096,7630,8575,4515
1539231336828214,7631,1668,2539
1539231336850436,7632,1648,2557
1539231336872996,7633,1735,2569
1539231336895108,7634,2580,2978
1539231336920271,7635,8448,4512
1539231336949019,7636,1674,2530
1539231336971549,7637,1654,2539
1539231336994066,7638,1718,2593
1539231337017019,7639,2590,3025
1539231337042517,7640,8557,4512
1539231337071698,7641,1644,2542
1539231337093600,7642,1657,2569
1539231337115837,7643,1731,2579
1539231337138267,7644,2553,3013
1539231337163566,7645,8628,4491
1539231337192433,7646,1667,2525
1539231337215288,7647,1663,2550
1539231337237801,7648,1713,2594
1539231337260734,7649,2564,2989
1539231337285376,7650,8433,4509
1539231337314146,7651,1641,2567
1539231337336589,7652,1680,2542
1539231337358886,7653,1712,2590
1539231337381024,7654,2589,3004
1539231337404730,7655,8549,4506
1539231337434142,7656,1646,2559
1539231337456488,7657,1666,2535
1539231337479364,7658,1715,2572
1539231337502236,7659,2563,3001
1539231337527186,7660,8452,4508
1539231337556087,7661,1660,2534
1539231337579200,7662,1656,2548
1539231337601998,7663,1711,2581
1539231337624160,7664,2585,3001
1539231337649712,7665,8426,4509
1539231337679295,7666,1643,2553
1539231337701926,7667,1652,2553
1539231337725048,7668,1735,2554
1539231337747962,7669,2593,2991
1539231337773509,7670,8740,4906
1539231337803846,7671,1804,2567
1539231337826380,7672,1651,2555
1539231337849272,7673,1733,2581
1539231337872296,7674,2589,3007
1539231337897475,7675,8405,4501
1539231337926113,7676,1643,2546
1539231337949074,7677,1672,2536
1539231337972070,7678,1729,2565
1539231337994740,7679,2552,2999
1539231338020100,7680,8485,4574
1539231338050435,7681,1641,2557
1539231338072677,7682,1674,2546
1539231338095496,7683,1714,2585
1539231338117748,7684,2581,2995
1539231338141945,7685,8629,4492
1539231338170820,7686,1642,2553
1539231338193829,7687,1649,2546
1539231338217024,7688,1730,2560
1539231338239869,7689,2583,2993
1539231338264375,7690,8420,4511
1539231338294452,7691,1649,2555
1539231338316496,7692,1682,2537
1539231338339018,7693,1713,2587
1539231338361642,7694,2572,2988
1539231338387020,7695,8426,4506
1539231338416111,7696,1655,2536
1539231338438586,7697,1652,2546
1539231338461559,7698,1719,2574
1539231338483894,7699,2578,2997
1539231338508053,7700,8406,4503
1539231338536845,7701,1656,2539
1539231338559023,7702,1649,2553
1539231338582139,7703,1718,2573
1539231338604771,7704,2587,2993
1539231338629928,7705,8584,4502
1539231338659358,7706,1644,2544
1539231338682378,7707,1656,2554
1539231338704725,7708,1736,2568
1539231338727870,7709,2577,2996
1539231338752504,7710,8453,4518
1539231338782249,7711,1718,2567
1539231338805039,7712,1674,2539
1539231338827151,7713,1717,2582
1539231338849293,7714,2587,3008
1539231338874013,7715,8544,4521
1539231338902877,7716,1646,2550
1539231338925574,7717,1654,2565
1539231338948730,7718,1726,2567
1539231338971743,7719,2579,2969
1539231338996441,7720,8489,4570
1539231339025760,7721,1647,2581
1539231339048810,7722,1681,2544
1539231339071434,7723,1716,2581
1539231339093841,7724,2563,2983
1539231339118747,7725,8452,4511
1539231339148513,7726,1664,2524
1539231339171116,7727,1651,2550
1539231339193358,7728,1743,2565
1539231339216086,7729,2589,2994
1539231339240814,7730,8421,4521
1539231339269950,7731,1643,2556
1539231339292177,7732,1664,2541
1539231339314410,7733,1711,2573
1539231339337678,7734,2556,2980
1539231339362722,7735,8445,4485
1539231339391459,7736,1640,2539
1539231339414086,7737,1652,2551
1539231339437173,7738,1731,2586
1539231339459908,7739,2574,2992
1539231339485190,7740,8459,4496
1539231339514231,7741,1643,2551
1539231339536518,7742,1679,2543
1539231339558733,7743,1711,2577
1539231339581765,7744,2578,2985
1539231339606284,7745,8548,4503
1539231339636381,7746,1792,2535
1539231339659137,7747,1654,2575
1539231339681446,7748,1718,2585
1539231339704633,7749,2574,3006
1539231339728173,7750,8434,4482
1539231339757245,7751,1658,2558
1539231339780760,7752,1770,2572
1539231339804280,7753,1738,2565
1539231339826981,7754,2610,3016
1539231339852134,7755,8449,4509
1539231339881861,7756,1642,2557
1539231339904191,7757,1674,2535
1539231339926413,7758,1721,2587
1539231339948451,7759,2593,2997
1539231339973194,7760,8453,4494
1539231340002072,7761,1645,2571
1539231340024252,7762,1663,2575
1539231340048085,7763,1733,2559
1539231340070570,7764,2573,2984
1539231340095714,7765,8458,4497
1539231340125061,7766,1654,2541
1539231340148360,7767,1672,2552
1539231340171135,7768,1711,2582
1539231340194157,7769,2553,2986
1539231340219129,7770,8403,4506
1539231340247790,7771,1661,2533
1539231340269630,7772,1658,2567
1539231340291889,7773,1733,2565
1539231340314854,7774,2574,2989
1539231340339224,7775,8580,4498
1539231340369064,7776,1657,2538
1539231340391718,7777,1651,2550
1539231340415048,7778,1718,2575
1539231340438174,7779,2557,2996
1539231340463010,7780,8438,4512
1539231340491886,7781,1658,2537
1539231340514497,7782,1648,2548
1539231340537329,7783,1736,2580
1539231340559445,7784,2603,2977
1539231340584426,7785,8472,4517
1539231340613749,7786,1646,2547
1539231340636082,7787,1691,2579
1539231340658317,7788,1719,2584
1539231340681115,7789,2601,2990
1539231340706101,7790,8403,4491
1539231340735333,7791,1643,2546
1539231340757597,7792,1650,2553
1539231340780684,7793,1827,2587
1539231340804347,7794,2575,3008
1539231340828705,7795,8416,4515
1539231340857481,7796,1641,2544
1539231340880552,7797,1682,2535
1539231340903455,7798,1722,2577
1539231340926401,7799,2563,2980
1539231340951451,7800,8455,4509
1539231340980359,7801,1654,2540
1539231341002662,7802,1648,2590
1539231341025004,7803,1726,2597
1539231341049135,7804,2604,2985
1539231341074087,7805,8610,4517
1539231341103987,7806,1663,2532
1539231341126433,7807,1653,2547
1539231341149580,7808,1715,2576
1539231341172265,7809,2572,3001
1539231341197419,7810,8479,4517
1539231341226370,7811,1692,2564
1539231341248431,7812,1666,2549
1539231341271092,7813,1716,2551
1539231341293252,7814,2597,2987
1539231341317784,7815,8436,4489
1539231341346678,7816,1637,2536
1539231341369445,7817,1656,2540
1539231341391690,7818,1733,2558
1539231341413886,7819,2553,2978
1539231341438618,7820,8403,4491
1539231341467679,7821,1643,2544
1539231341489986,7822,1655,2539
1539231341512192,7823,1745,2567
1539231341535148,7824,2570,2971
1539231341560457,7825,8401,4505
1539231341589305,7826,1671,2540
1539231341612149,7827,1668,2535
1539231341634518,7828,1718,2563
1539231341657640,7829,2567,2986
1539231341681635,7830,8469,4496
1539231341710388,7831,1645,2555
1539231341732674,7832,1662,2542
1539231341755025,7833,1710,2580
1539231341777756,7834,2674,3007
1539231341802832,7835,8551,4493
1539231341832558,7836,1658,2535
1539231341855151,7837,1658,2549
1539231341878295,7838,1722,2572
1539231341900722,7839,2594,2999
1539231341925247,7840,8466,4514
1539231341954098,7841,1640,2573
1539231341976512,7842,1666,2543
1539231341999394,7843,1715,2629
1539231342022460,7844,2574,3028
1539231342048019,7845,8443,4497
1539231342076726,7846,1655,2532
1539231342099111,7847,1657,2546
1539231342121302,7848,1732,2585
1539231342144525,7849,2664,2994
1539231342169641,7850,8398,4510
1539231342198344,7851,1647,2557
1539231342220379,7852,1661,2527
1539231342242916,7853,1713,2566
1539231342265231,7854,2575,2987
1539231342290000,7855,8529,4488
1539231342319573,7856,1650,2547
1539231342342285,7857,1654,2555
1539231342364924,7858,1731,2576
1539231342387986,7859,2596,2996
1539231342413210,7860,8461,4488
1539231342442111,7861,1637,2585
1539231342464983,7862,1665,2550
1539231342487505,7863,1714,2580
1539231342510478,7864,2565,2978
1539231342534824,7865,8553,4509
1539231342564820,7866,1663,2529
1539231342587379,7867,1652,2547
1539231342609612,7868,1717,2577
1539231342632192,7869,2568,2987
1539231342656925,7870,8440,4519
1539231342686175,7871,1643,2544
1539231342708502,7872,1665,2530
1539231342731100,7873,1725,2574
1539231342753785,7874,2567,3000
1539231342779156,7875,8668,4523
1539231342809367,7876,1783,2551
1539231342831636,7877,1651,2545
1539231342853909,7878,1715,2587
1539231342876616,7879,2603,2993
1539231342901317,7880,8451,4508
1539231342930054,7881,1646,2537
1539231342951912,7882,1662,2529
1539231342974541,7883,1709,2590
1539231342996886,7884,2592,3058
1539231343022396,7885,8458,4579
1539231343051670,7886,1644,2554
1539231343074278,7887,1656,2547
1539231343096597,7888,1740,2566
1539231343119121,7889,2555,2975
1539231343144389,7890,8576,4537
1539231343173234,7891,1655,2543
1539231343195497,7892,1652,2546
1539231343217572,7893,1707,2574
1539231343240135,7894,2585,2989
1539231343263954,7895,8564,4491
1539231343292904,7896,1656,2523
1539231343315428,7897,1649,2550
1539231343338495,7898,1713,2573
1539231343361474,7899,2580,2976
1539231343386283,7900,8442,4522
1539231343415179,7901,1644,2557
1539231343437322,7902,1686,2552
1539231343460241,7903,1732,2560
1539231343482461,7904,2575,2984
1539231343507484,7905,8441,4494
1539231343536248,7906,1655,2539
1539231343558781,7907,1654,2557
1539231343581427,7908,1725,2591
1539231343603735,7909,2579,2978
1539231343628457,7910,8412,4500
1539231343657379,7911,1660,2553
1539231343679492,7912,1662,2538
1539231343702537,7913,1717,2575
1539231343725738,7914,2563,2999
1539231343750872,7915,8438,4512
1539231343780529,7916,1736,2561
1539231343803420,7917,1664,2561
1539231343826409,7918,1712,2602
1539231343849598,7919,2552,2982
1539231343875131,7920,8537,4496
1539231343904052,7921,1653,2537
1539231343926144,7922,1652,2556
1539231343948875,7923,1747,2577
1539231343971557,7924,2585,2978
1539231343995565,7925,8562,4561
1539231344025347,7926,1661,2589
1539231344048693,7927,1673,2530
1539231344071686,7928,1730,2563
1539231344094711,7929,2549,2981
1539231344118209,7930,8445,4511
1539231344147193,7931,1640,2555
1539231344170065,7932,1647,2566
1539231344193157,7933,1743,2570
1539231344216487,7934,2586,2991
1539231344241761,7935,8455,4512
1539231344271355,7936,1642,2549
1539231344293830,7937,1650,2551
1539231344316862,7938,1742,2572
1539231344339826,7939,2590,2974
1539231344364522,7940,8487,4521
1539231344394062,7941,1644,2541
1539231344416032,7942,1670,2547
1539231344439289,7943,1718,2585
1539231344462056,7944,2574,2980
1539231344487123,7945,8393,4502
1539231344515739,7946,1642,2544
1539231344538857,7947,1652,2560
1539231344562027,7948,1715,2578
1539231344584491,7949,2590,2999
1539231344609598,7950,8415,4496
1539231344638713,7951,1640,2557
1539231344661070,7952,1667,2535
1539231344683875,7953,1728,2573
1539231344706551,7954,2566,2990
1539231344730930,7955,8562,4513
1539231344760842,7956,1674,2563
1539231344783857,7957,1685,2581
1539231344806573,7958,1715,2594
1539231344828905,7959,2587,3002
1539231344853583,7960,8417,4516
1539231344882644,7961,1645,2561
1539231344905144,7962,1663,2537
1539231344927518,7963,1715,2571
1539231344950452,7964,2576,2981
1539231344975553,7965,8437,4502
1539231345005295,7966,1664,2588
1539231345027683,7967,1648,2592
1539231345051220,7968,1725,2586
1539231345073941,7969,2570,2997
1539231345099106,7970,8411,4503
1539231345127811,7971,1656,2531
1539231345150321,7972,1652,2545
1539231345173229,7973,1743,2586
1539231345195706,7974,2573,2962
1539231345220181,7975,8475,4511
1539231345249347,7976,1658,2547
1539231345272296,7977,1673,2543
1539231345295546,7978,1718,2581
1539231345318479,7979,2544,2977
1539231345343332,7980,8460,4514
1539231345372614,7981,1664,2535
1539231345395422,7982,1649,2567
1539231345418019,7983,1713,2570
1539231345441082,7984,2596,2987
1539231345466533,7985,8565,4498
1539231345495972,7986,1659,2543
1539231345518602,7987,1663,2558
1539231345541665,7988,1716,2568
1539231345564761,7989,2591,3001
1539231345589578,7990,8542,4495
1539231345618537,7991,1642,2547
1539231345641068,7992,1685,2551
1539231345664195,7993,1730,2562
1539231345686524,7994,2567,2988
1539231345711490,7995,8431,4520
1539231345741269,7996,1662,2556
1539231345763654,7997,1655,2620
1539231345787425,7998,1719,2588
1539231345810146,7999,2614,2976
1539231345835331,8000,8402,4515
1539231345863913,8001,1653,2546
1539231345886028,8002,1656,2551
1539231345908681,8003,1739,2559
1539231345931379,8004,2585,2978
1539231345956594,8005,8410,4511
1539231345985991,8006,1640,2532
1539231346008825,8007,1668,2578
1539231346032332,8008,1728,2598
1539231346056056,8009,2575,2998
1539231346080776,8010,8481,4511
1539231346109992,8011,1640,2554
1539231346132728,8012,1676,2546
1539231346155293,8013,1718,2594
1539231346178204,8014,2575,2973
1539231346202602,8015,8639,4498
1539231346232231,8016,1660,2528
1539231346254945,8017,1656,2552
1539231346277611,8018,1713,2580
1539231346300809,8019,2598,2982
1539231346325817,8020,8470,4500
1539231346354619,8021,1640,2551
1539231346377071,8022,1673,2538
1539231346399654,8023,1845,2587
1539231346422214,8024,2577,2974
1539231346447690,8025,8456,4503
1539231346477063,8026,1657,2531
1539231346499423,8027,1649,2543
1539231346522426,8028,1716,2584
1539231346545194,8029,2577,3002
1539231346570180,8030,8549,4508
1539231346599259,8031,1643,2545
1539231346621442,8032,1657,2584
1539231346643667,8033,1781,2592
1539231346666224,8034,2560,2981
1539231346691286,8035,8418,4494
1539231346719800,8036,1664,2531
1539231346742624,8037,1653,2554
1539231346764951,8038,1898,2654
1539231346788784,8039,2672,3003
1539231346814265,8040,8445,4495
1539231346843503,8041,1649,2552
1539231346866210,8042,1650,2556
1539231346888699,8043,1726,2564
1539231346910813,8044,2578,3006
1539231346935291,8045,8518,4504
1539231346965138,8046,1670,2529
1539231346987751,8047,1674,2543
1539231347011534,8048,1722,2607
1539231347034613,8049,2590,3130
1539231347059958,8050,8421,4500
1539231347088994,8051,1661,2530
1539231347111374,8052,1646,2543
1539231347133644,8053,1715,2582
1539231347156173,8054,2589,3002
1539231347181360,8055,8430,4511
1539231347210316,8056,1639,2550
1539231347232438,8057,1677,2537
1539231347255477,8058,1717,2571
1539231347278398,8059,2565,2989
1539231347302869,8060,8406,4501
1539231347332550,8061,1653,2536
1539231347355183,8062,1647,2551
1539231347377955,8063,1721,2571
1539231347400975,8064,2581,3012
1539231347426313,8065,8525,4506
1539231347455630,8066,1649,2553
1539231347478583,8067,1661,2560
1539231347501429,8068,1715,2577
1539231347524443,8069,2580,2983
1539231347549063,8070,8444,4487
1539231347578126,8071,1644,2555
1539231347600803,8072,1669,2543
1539231347623188,8073,1716,2578
1539231347645825,8074,2757,2998
1539231347670648,8075,8557,4505
1539231347700730,8076,1676,2528
1539231347722567,8077,1650,2567
1539231347745630,8078,1717,2586
1539231347768848,8079,2792,3070
1539231347794258,8080,8601,4512
1539231347823298,8081,1640,2554
1539231347845929,8082,1652,2547
1539231347868928,8083,1729,2553
1539231347891476,8084,2579,2982
1539231347916821,8085,8445,4522
1539231347946848,8086,1646,2556
1539231347969737,8087,1650,2575
1539231347992365,8088,1736,2568
1539231348014621,8089,2560,3050
1539231348039953,8090,8657,4510
1539231348068984,8091,1673,2537
1539231348090942,8092,1653,2553
1539231348113310,8093,1739,2569
1539231348136343,8094,2588,2997
1539231348162025,8095,8392,4503
1539231348190484,8096,1647,2547
1539231348213552,8097,1649,2555
1539231348236127,8098,1736,2574
1539231348258193,8099,2574,2982
1539231348283807,8100,8438,4502
1539231348312713,8101,1661,2528
1539231348335135,8102,1647,2561
1539231348357528,8103,1714,2598
1539231348380522,8104,2584,3008
1539231348404719,8105,8531,4524
1539231348434967,8106,1646,2542
1539231348457826,8107,1651,2544
1539231348479910,8108,1737,2566
1539231348503104,8109,2573,2982
1539231348527735,8110,8448,4516
1539231348556509,8111,1659,2545
1539231348578951,8112,1654,2548
1539231348601380,8113,1733,2579
1539231348623851,8114,2598,2990
1539231348649474,8115,8446,4502
1539231348678083,8116,1644,2537
1539231348700598,8117,1669,2526
1539231348723434,8118,1731,2567
1539231348745726,8119,2573,2993
1539231348771071,8120,8549,4519
1539231348800457,8121,1671,2531
1539231348822363,8122,1649,2551
1539231348845383,8123,1730,2568
1539231348868570,8124,2589,3000
1539231348893547,8125,8407,4505
1539231348922090,8126,1644,2548
1539231348944853,8127,1680,2539
1539231348967529,8128,1714,2574
1539231348990486,8129,2548,2978
1539231349014667,8130,8500,4584
1539231349044222,8131,1702,2532
1539231349066767,8132,1658,2558
1539231349088890,8133,1732,2569
1539231349111538,8134,2575,2986
1539231349135609,8135,8553,4580
1539231349165184,8136,1663,2528
1539231349188179,8137,1678,2539
1539231349210907,8138,1714,2574
1539231349234120,8139,2569,2980
1539231349258784,8140,8531,4509
1539231349288370,8141,1658,2538
1539231349310669,8142,1650,2559
1539231349334039,8143,1716,2598
1539231349357025,8144,2587,2989
1539231349382487,8145,8441,4507
1539231349411576,8146,1642,2548
1539231349434089,8147,1651,2544
1539231349456805,8148,1731,2564
1539231349479313,8149,2585,2980
1539231349503501,8150,8390,4513
1539231349532520,8151,1669,2544
1539231349554497,8152,1657,2555
1539231349577256,8153,1742,2595
1539231349599766,8154,2571,2984
1539231349624883,8155,8399,4521
1539231349654346,8156,1642,2537
1539231349677242,8157,1661,2558
1539231349699516,8158,1720,2577
1539231349722465,8159,2553,2992
1539231349746873,8160,8459,4505
1539231349776367,8161,1732,2593
1539231349799093,8162,1649,2578
1539231349821900,8163,1715,2573
1539231349844225,8164,2599,2994
1539231349869133,8165,8571,4509
1539231349898990,8166,1648,2550
1539231349921671,8167,1650,2550
1539231349945081,8168,1744,2554
1539231349968357,8169,2587,3000
1539231349992960,8170,8413,4596
1539231350022413,8171,1643,2582
1539231350045082,8172,1727,2532
1539231350068080,8173,1727,2566
1539231350090983,8174,2607,2986
1539231350116111,8175,8469,4504
1539231350144939,8176,1700,2579
1539231350168065,8177,1685,2539
1539231350190708,8178,1711,2582
1539231350213864,8179,2559,2996
1539231350238590,8180,8403,4518
1539231350267289,8181,1643,2546
1539231350289169,8182,1674,2532
1539231350311476,8183,1720,2569
1539231350334737,8184,2574,2991
1539231350359826,8185,8440,4514
1539231350388884,8186,1672,2529
1539231350411836,8187,1673,2540
1539231350434976,8188,1721,2577
1539231350457896,8189,2568,2983
1539231350482831,8190,8460,4537
1539231350511865,8191,1653,2537
1539231350534110,8192,1652,2552
1539231350556603,8193,1725,2568
1539231350578725,8194,2566,2986
1539231350602242,8195,8519,4504
1539231350631991,8196,1658,2538
1539231350654242,8197,1656,2556
1539231350677656,8198,1715,2567
1539231350700823,8199,2586,2979
1539231350725058,8200,8444,4501
1539231350754290,8201,1638,2550
1539231350777033,8202,1797,2583
1539231350800939,8203,1727,2572
1539231350823363,8204,2578,2979
1539231350848386,8205,8482,4499
1539231350878286,8206,1640,2546
1539231350900913,8207,1668,2554
1539231350923333,8208,1717,2573
1539231350945512,8209,2568,2979
1539231350970306,8210,8426,4516
1539231350998987,8211,1639,2602
1539231351021158,8212,1673,2613
1539231351043802,8213,1823,2656
1539231351067143,8214,2572,2969
1539231351092161,8215,8425,4490
1539231351120938,8216,1673,2544
1539231351144006,8217,1793,2564
1539231351167089,8218,1712,2589
1539231351190100,8219,2549,2987
1539231351215478,8220,8465,4497
1539231351244527,8221,1659,2533
1539231351267332,8222,1656,2565
1539231351289706,8223,1714,2573
1539231351312001,8224,2672,2991
1539231351336901,8225,8701,4487
1539231351367010,8226,1645,2545
1539231351389903,8227,1655,2560
1539231351412911,8228,1738,2562
1539231351435418,8229,2579,2982
1539231351460038,8230,8450,4508
1539231351488753,8231,1663,2537
1539231351511429,8232,1648,2547
1539231351534409,8233,1710,2577
1539231351557165,8234,2603,3003
1539231351582581,8235,8450,4513
1539231351611924,8236,1675,2533
1539231351634234,8237,1654,2546
1539231351656587,8238,1732,2547
1539231351678909,8239,2582,2976
1539231351703296,8240,8407,4489
1539231351732538,8241,1655,2534
1539231351754492,8242,1655,2548
1539231351778460,8243,1770,2592
1539231351801982,8244,2565,2997
1539231351827036,8245,8675,4516
1539231351856037,8246,1663,2520
1539231351878427,8247,1722,2569
1539231351901274,8248,1734,2587
1539231351923584,8249,2558,2980
1539231351948792,8250,8432,4523
1539231351977827,8251,1651,2543
1539231352000051,8252,1775,2619
1539231352022547,8253,1718,2619
1539231352046261,8254,2569,2982
1539231352070863,8255,8532,4516
1539231352100888,8256,1657,2539
1539231352123573,8257,1657,2560
1539231352146994,8258,1788,2600
1539231352170017,8259,2568,2975
1539231352194532,8260,8464,4503
1539231352223374,8261,1643,2545
1539231352245545,8262,1653,2555
1539231352268362,8263,1745,2569
1539231352290548,8264,2578,2981
1539231352315660,8265,8432,4491
1539231352345421,8266,1639,2554
1539231352368023,8267,1678,2537
1539231352390780,8268,1710,2584
1539231352412918,8269,2588,2983
1539231352437893,8270,8541,4496
1539231352467020,8271,1638,2555
1539231352489027,8272,1663,2546
1539231352511788,8273,1730,2568
1539231352534425,8274,2560,2974
1539231352559470,8275,8563,4505
1539231352588162,8276,1660,2540
1539231352611097,8277,1656,2568
1539231352634018,8278,1718,2576
1539231352657150,8279,2686,2997
1539231352682076,8280,8425,4507
1539231352711186,8281,1638,2550
1539231352733634,8282,1654,2557
1539231352755746,8283,1727,2567
1539231352779055,8284,2615,2994
1539231352804318,8285,8565,4506
1539231352834403,8286,1641,2548
1539231352856966,8287,1681,2535
1539231352880284,8288,1744,2574
1539231352902386,8289,2554,2988
1539231352927021,8290,8421,4504
1539231352955873,8291,1672,2544
1539231352978497,8292,1650,2568
1539231353001236,8293,1743,2610
1539231353024165,8294,2577,3037
1539231353049184,8295,8457,4504
1539231353078547,8296,1647,2564
1539231353100655,8297,1670,2536
1539231353123065,8298,1714,2577
1539231353145296,8299,2769,2993
1539231353170823,8300,8428,4509
1539231353199955,8301,1661,2530
1539231353221648,8302,1649,2545
1539231353244256,8303,1728,2563
1539231353267108,8304,2579,2962
1539231353292112,8305,8461,4492
1539231353320710,8306,1661,2520
1539231353343750,8307,1680,2537
1539231353366157,8308,1709,2590
1539231353389206,8309,2584,2985
1539231353414711,8310,8449,4498
1539231353444124,8311,1660,2530
1539231353465840,8312,1650,2550
1539231353488560,8313,1727,2576
1539231353511488,8314,2586,2972
1539231353536347,8315,8546,4489
1539231353566219,8316,1643,2561
1539231353588523,8317,1669,2536
1539231353611259,8318,1723,2562
1539231353634204,8319,2554,2994
1539231353659081,8320,8422,4516
1539231353688253,8321,1656,2539
1539231353710723,8322,1648,2568
1539231353733876,8323,1712,2599
1539231353756881,8324,2588,3005
1539231353783121,8325,8633,4523
1539231353812763,8326,1661,2532
1539231353835350,8327,1653,2551
1539231353858255,8328,1716,2593
1539231353881117,8329,2569,3000
1539231353905678,8330,8440,4509
1539231353934548,8331,1649,2544
1539231353956807,8332,1678,2535
1539231353979389,8333,1713,2573
1539231354002289,8334,2555,3016
1539231354027296,8335,8447,4673
1539231354056523,8336,1674,2539
1539231354079361,8337,1658,2554
1539231354102430,8338,1715,2571
1539231354125253,8339,2592,2996
1539231354150666,8340,8601,4543
1539231354179995,8341,1658,2536
1539231354202205,8342,1761,2582
1539231354224704,8343,1737,2558
1539231354246876,8344,2596,2986
1539231354271031,8345,8553,4506
1539231354301105,8346,1656,2538
1539231354323722,8347,1653,2571
1539231354346994,8348,1719,2576
1539231354369367,8349,2585,2997
1539231354394106,8350,8429,4513
1539231354422831,8351,1645,2559
1539231354445113,8352,1765,2559
1539231354468149,8353,1731,2562
1539231354490910,8354,2580,2978
1539231354515865,8355,8445,4493
1539231354545431,8356,1640,2539
1539231354567989,8357,1675,2544
1539231354590300,8358,1719,2571
1539231354612310,8359,2572,2997
1539231354637296,8360,8398,4512
1539231354666308,8361,1646,2549
1539231354688265,8362,1677,2537
1539231354710572,8363,1715,2567
1539231354733659,8364,2568,2980
1539231354758850,8365,8526,4595
1539231354788205,8366,1690,2566
1539231354810711,8367,1649,2554
1539231354832996,8368,1743,2563
1539231354855640,8369,2576,2970
1539231354881014,8370,8443,4507
1539231354909762,8371,1639,2558
1539231354932075,8372,1661,2538
1539231354954670,8373,1719,2590
1539231354977792,8374,2578,2991
1539231355001356,8375,8638,4580
1539231355031607,8376,1637,2581
1539231355054805,8377,1654,2570
1539231355078006,8378,1720,2578
1539231355100801,8379,2592,2989
1539231355125251,8380,8454,4496
1539231355154531,8381,1802,2565
1539231355177002,8382,1676,2538
1539231355199246,8383,1715,2566
1539231355222294,8384,2565,2998
1539231355247692,8385,8468,4487
1539231355276381,8386,1656,2522
1539231355298858,8387,1651,2554
1539231355321842,8388,1712,2580
1539231355344650,8389,2603,2994
1539231355369733,8390,8440,4499
1539231355399141,8391,1642,2540
1539231355421255,8392,1667,2536
1539231355444132,8393,1730,2571
1539231355466881,8394,2587,2962
1539231355492886,8395,8418,4506
1539231355521417,8396,1636,2535
1539231355543919,8397,1667,2515
1539231355566378,8398,1720,2594
1539231355589514,8399,2674,2998
1539231355614348,8400,8477,4500
1539231355643386,8401,1644,2549
1539231355665988,8402,1652,2554
1539231355688609,8403,1728,2568
1539231355711283,8404,2598,2978
1539231355735673,8405,8541,4488
1539231355765474,8406,1747,2604
1539231355788971,8407,1806,2542
1539231355812095,8408,1749,2578
1539231355834695,8409,2566,3022
1539231355859258,8410,8533,4487
1539231355888247,8411,1656,2537
1539231355910785,8412,1649,2566
1539231355933131,8413,1734,2578
1539231355955034,8414,2583,2985
1539231355980324,8415,8473,4498
1539231356009376,8416,1659,2591
1539231356031989,8417,1663,2564
1539231356054486,8418,1717,2583
1539231356077346,8419,2575,3014
1539231356102432,8420,8417,4505
1539231356131194,8421,1640,2547
1539231356153557,8422,1651,2586
1539231356176828,8423,1726,2565
1539231356198897,8424,2579,2996
1539231356224112,8425,8489,4496
1539231356253015,8426,1662,2522
1539231356275444,8427,1652,2542
1539231356297890,8428,1707,2570
1539231356320948,8429,2574,2982
1539231356346386,8430,8418,4504
1539231356375210,8431,1637,2553
1539231356397856,8432,1648,2566
1539231356419926,8433,1737,2560
1539231356442221,8434,2566,3024
1539231356466948,8435,8539,4491
1539231356496436,8436,1662,2533
1539231356519089,8437,1649,2548
1539231356542058,8438,1720,2588
1539231356565077,8439,2582,3003
1539231356589969,8440,8412,4506
1539231356618715,8441,1639,2560
1539231356640905,8442,1682,2532
1539231356664226,8443,1730,2564
1539231356686458,8444,2564,2981
1539231356711692,8445,8428,4497
1539231356741338,8446,1653,2545
1539231356763747,8447,1684,2604
1539231356787194,8448,1715,2593
1539231356809565,8449,2562,2983
1539231356834316,8450,8455,4507
1539231356863887,8451,1657,2530
1539231356886134,8452,1649,2550
1539231356909183,8453,1726,2587
1539231356931361,8454,2594,2984
1539231356956742,8455,8516,4516
1539231356986337,8456,1640,2546
1539231357009623,8457,1789,2588
1539231357032388,8458,1733,2603
1539231357056004,8459,2581,2992
1539231357081046,8460,8480,4489
1539231357110494,8461,1635,2544
1539231357133283,8462,1685,2556
1539231357155950,8463,1806,2609
1539231357178427,8464,2571,2988
1539231357203367,8465,8531,4504
1539231357233429,8466,1644,2552
1539231357256013,8467,1679,2537
1539231357278169,8468,1726,2565
1539231357300887,8469,2575,2993
1539231357325912,8470,8482,4527
1539231357355107,8471,1642,2560
1539231357377679,8472,1658,2563
1539231357400154,8473,1728,2561
1539231357422859,8474,2621,2974
1539231357447842,8475,8507,4516
1539231357477679,8476,1646,2534
1539231357500056,8477,1672,2532
1539231357522668,8478,1710,2580
1539231357545414,8479,2565,2983
1539231357570514,8480,8450,4498
1539231357599570,8481,1637,2533
1539231357621645,8482,1650,2555
1539231357644299,8483,1729,2562
1539231357667166,8484,2574,2972
1539231357692264,8485,8492,4494
1539231357721186,8486,1656,2534
1539231357744183,8487,1683,2540
1539231357766908,8488,1818,2655
1539231357790227,8489,2577,3000
1539231357815482,8490,8422,4492
1539231357844417,8491,1656,2527
1539231357866532,8492,1648,2555
1539231357888786,8493,1731,2562
1539231357912053,8494,2587,3015
1539231357936530,8495,8528,4530
1539231357965903,8496,1643,2561
1539231357988503,8497,1682,2536
1539231358011966,8498,1734,2600
1539231358034587,8499,2549,3086
1539231358059292,8500,8446,4518
1539231358088721,8501,1655,2539
1539231358111332,8502,1659,2560
1539231358133960,8503,1716,2588
1539231358156667,8504,2706,3036
1539231358181883,8505,8451,4499
1539231358210888,8506,1642,2558
1539231358233135,8507,1663,2528
1539231358255654,8508,1720,2581
1539231358278578,8509,2555,2996
1539231358303698,8510,8417,4507
1539231358332803,8511,1657,2521
1539231358354677,8512,1650,2543
1539231358377728,8513,1722,2574
1539231358400843,8514,2590,2987
1539231358426933,8515,8509,4506
1539231358456030,8516,1670,2538
1539231358478858,8517,1657,2548
1539231358501600,8518,1712,2579
1539231358524360,8519,2582,2999
1539231358549021,8520,8445,4509
1539231358577942,8521,1635,2551
1539231358599708,8522,1651,2569
1539231358622487,8523,1715,2583
1539231358645655,8524,2581,2982
1539231358669899,8525,8616,4521
1539231358700011,8526,1663,2544
1539231358722875,8527,1655,2536
1539231358745940,8528,1714,2576
1539231358768920,8529,2684,3087
1539231358793455,8530,8637,4537
1539231358822762,8531,1642,2555
1539231358845037,8532,1686,2541
1539231358867686,8533,1738,2568
1539231358889876,8534,2590,2984
1539231358915068,8535,8428,4505
1539231358944590,8536,1659,2537
1539231358967087,8537,1653,2551
1539231358989265,8538,1724,2593
1539231359012030,8539,2589,3029
1539231359036490,8540,8781,4528
1539231359065683,8541,1642,2552
1539231359087423,8542,1657,2572
1539231359110716,8543,1716,2583
1539231359133805,8544,2555,2990
1539231359159229,8545,8574,4488
1539231359188660,8546,1663,2538
1539231359211450,8547,1657,2550
1539231359233972,8548,1711,2569
1539231359257054,8549,2573,2996
1539231359282389,8550,8433,4509
1539231359311386,8551,1647,2557
1539231359333623,8552,1649,2559
1539231359355984,8553,1728,2571
1539231359378613,8554,2573,2996
1539231359402173,8555,8509,4496
1539231359432217,8556,1659,2553
1539231359454540,8557,1657,2555
1539231359477740,8558,1715,2582
1539231359500691,8559,2696,2999
1539231359526029,8560,8440,4506
1539231359554749,8561,1641,2551
1539231359577135,8562,1664,2537
1539231359599355,8563,1718,2568
1539231359622362,8564,2572,2994
1539231359647595,8565,8464,4520
1539231359676440,8566,1668,2536
1539231359698674,8567,1657,2550
1539231359721066,8568,1740,2566
1539231359743207,8569,2589,2971
1539231359767737,8570,8717,4506
1539231359797089,8571,1760,2537
1539231359819411,8572,1650,2564
1539231359842340,8573,1718,2582
1539231359864994,8574,2682,2997
1539231359890603,8575,8404,4515
1539231359919664,8576,1645,2539
1539231359942477,8577,1657,2558
1539231359965173,8578,1729,2602
1539231359988144,8579,2566,3004
1539231360013820,8580,8508,4587
1539231360043162,8581,1753,2565
1539231360065895,8582,1658,2557
1539231360088176,8583,1727,2571
1539231360111073,8584,2582,2970
1539231360134854,8585,8553,4498
1539231360164522,8586,1660,2525
1539231360186877,8587,1652,2552
1539231360210493,8588,1717,2581
1539231360232701,8589,2581,3008
1539231360256871,8590,8460,4529
1539231360285614,8591,1642,2560
1539231360308389,8592,1677,2540
1539231360331342,8593,1715,2595
1539231360354452,8594,2585,2977
1539231360379563,8595,8433,4495
1539231360408551,8596,1659,2542
1539231360431016,8597,1656,2549
1539231360453846,8598,1718,2589
1539231360476430,8599,2594,2999
1539231360500975,8600,8403,4495
1539231360529957,8601,1643,2539
1539231360552204,8602,1666,2534
1539231360574721,8603,1712,2574
1539231360597040,8604,2597,2983
1539231360622093,8605,8428,4507
1539231360650659,8606,1646,2538
1539231360673986,8607,1654,2547
1539231360696748,8608,1728,2570
1539231360719718,8609,2555,2974
1539231360744896,8610,8412,4518
1539231360774635,8611,1702,2584
1539231360797226,8612,1825,2581
1539231360820287,8613,1740,2557
1539231360842613,8614,2571,2996
1539231360867151,8615,8540,4504
1539231360896093,8616,1658,2534
1539231360918155,8617,1653,2552
1539231360941761,8618,1722,2575
1539231360964723,8619,2599,2986
1539231360989253,8620,8464,4537
1539231361018038,8621,1640,2581
1539231361040623,8622,1874,2719
1539231361063972,8623,1723,2562
1539231361086810,8624,2611,2981
1539231361112103,8625,8432,4498
1539231361141005,8626,1660,2525
1539231361164039,8627,1666,2539
1539231361186434,8628,1717,2573
1539231361209244,8629,2590,2979
1539231361233035,8630,8462,4495
1539231361262091,8631,1643,2542
1539231361284263,8632,1661,2534
1539231361307015,8633,1719,2565
1539231361329953,8634,2547,2979
1539231361354999,8635,8435,4488
1539231361383831,8636,1655,2540
1539231361406480,8637,1655,2556
1539231361429480,8638,1714,2581
1539231361452360,8639,2564,3001
1539231361477084,8640,8469,4508
1539231361506073,8641,1640,2568
1539231361529017,8642,1661,2545
1539231361551769,8643,1740,2573
1539231361574671,8644,2573,2993
1539231361598919,8645,8556,4508
1539231361628815,8646,1655,2527
1539231361651425,8647,1656,2551
1539231361674694,8648,1716,2573
1539231361696896,8649,2588,2985
1539231361721585,8650,8440,4499
1539231361750440,8651,1643,2549
1539231361773469,8652,1810,2559
1539231361797045,8653,1879,2603
1539231361819989,8654,2592,2998
1539231361845517,8655,8467,4512
1539231361875563,8656,1648,2542
1539231361898092,8657,1652,2557
1539231361920733,8658,1746,2562
1539231361943460,8659,2566,2971
1539231361968407,8660,8429,4492
1539231361997271,8661,1661,2579
1539231362019351,8662,1647,2576
1539231362042625,8663,1772,2618
1539231362065713,8664,2555,2991
1539231362091079,8665,8412,4503
1539231362119800,8666,1663,2534
1539231362142525,8667,1658,2565
1539231362165254,8668,1727,2595
1539231362188316,8669,2559,3002
1539231362213533,8670,8471,4515
1539231362242360,8671,1647,2545
1539231362264256,8672,1662,2547
1539231362286896,8673,1727,2567
1539231362309233,8674,2588,3005
1539231362333732,8675,8555,4500
1539231362363299,8676,1646,2569
1539231362386346,8677,1658,2541
1539231362409492,8678,1722,2586
1539231362432613,8679,2572,2995
1539231362457440,8680,8437,4504
1539231362486596,8681,1647,2541
1539231362509078,8682,1672,2548
1539231362531763,8683,1726,2565
1539231362553835,8684,2586,2981
1539231362579191,8685,8435,4493
1539231362608915,8686,1660,2536
1539231362631577,8687,1652,2549
1539231362653891,8688,1712,2587
1539231362676099,8689,2594,2998
1539231362701221,8690,8459,4502
1539231362730019,8691,1641,2544
1539231362752100,8692,1667,2539
1539231362775017,8693,1866,2632
1539231362798889,8694,2575,2980
1539231362824114,8695,8452,4508
1539231362853059,8696,1666,2534
1539231362875864,8697,1670,2533
1539231362898190,8698,1715,2567
1539231362921022,8699,2584,2988
1539231362946158,8700,8418,4488
1539231362974978,8701,1640,2549
1539231362996760,8702,1676,2551
1539231363019317,8703,1713,2604
1539231363042751,8704,2572,2991
1539231363066293,8705,8587,4502
1539231363095472,8706,1641,2536
1539231363117993,8707,1652,2541
1539231363141011,8708,1730,2562
1539231363164327,8709,2726,2997
1539231363189451,8710,8404,4500
1539231363218200,8711,1643,2550
1539231363241282,8712,1684,2551
1539231363263948,8713,1739,2572
1539231363286949,8714,2598,2976
1539231363311878,8715,8439,4504
1539231363341432,8716,1648,2535
1539231363363770,8717,1667,2541
1539231363386309,8718,1717,2585
1539231363409036,8719,2611,2990
1539231363434029,8720,8384,4504
1539231363463548,8721,1642,2541
1539231363485762,8722,1651,2537
1539231363508305,8723,1733,2556
1539231363530847,8724,2587,2976
1539231363555841,8725,8494,4514
1539231363584532,8726,1669,2529
1539231363607636,8727,1652,2557
1539231363630354,8728,1719,2569
1539231363653183,8729,2558,2990
1539231363678333,8730,8464,4496
1539231363707412,8731,1638,2564
1539231363729586,8732,1652,2554
1539231363751944,8733,1732,2557
1539231363774735,8734,2586,3019
1539231363800377,8735,8525,4524
1539231363830405,8736,1709,2558
1539231363853038,8737,1674,2543
1539231363875582,8738,1727,2613
1539231363898245,8739,2558,2988
1539231363923435,8740,8438,4508
1539231363953044,8741,1657,2535
1539231363975287,8742,1657,2538
1539231363998159,8743,1719,2639
1539231364020709,8744,2603,3047
1539231364045706,8745,8412,4510
1539231364074562,8746,1646,2541
1539231364096981,8747,1662,2536
1539231364119560,8748,1717,2588
1539231364142339,8749,2558,3000
1539231364167713,8750,8419,4506
1539231364196522,8751,1662,2525
1539231364218533,8752,1657,2546
1539231364241269,8753,1743,2576
1539231364264339,8754,2590,2999
1539231364289542,8755,8511,4502
1539231364318322,8756,1642,2540
1539231364340331,8757,1671,2545
1539231364362667,8758,1717,2568
1539231364385799,8759,2538,2990
1539231364410637,8760,8579,4503
1539231364439732,8761,1644,2550
1539231364462337,8762,1651,2554
1539231364484675,8763,1726,2563
1539231364507291,8764,2592,2983
1539231364531341,8765,8548,4500
1539231364560904,8766,1670,2532
1539231364583415,8767,1657,2565
1539231364606316,8768,1718,2588
1539231364629320,8769,2579,2983
1539231364654124,8770,8451,4537
1539231364683065,8771,1646,2564
1539231364705193,8772,1672,2565
1539231364728369,8773,1748,2568
1539231364750647,8774,2568,3002
1539231364776017,8775,8693,4520
1539231364805272,8776,1676,2542
1539231364828152,8777,1676,2543
1539231364850390,8778,1717,2567
1539231364872666,8779,2581,2996
1539231364897147,8780,8456,4496
1539231364925890,8781,1639,2549
1539231364947743,8782,1685,2541
1539231364970875,8783,1719,2576
1539231364994125,8784,2555,2994
1539231365019297,8785,8477,4573
1539231365048859,8786,1658,2519
1539231365071739,8787,1652,2565
1539231365094142,8788,1720,2578
1539231365116915,8789,2570,2985
1539231365141622,8790,8566,4505
1539231365170993,8791,1645,2552
1539231365192612,8792,1683,2533
1539231365214909,8793,1719,2593
1539231365237321,8794,2606,2979
1539231365261999,8795,8526,4487
1539231365292130,8796,1661,2529
1539231365314938,8797,1650,2539
1539231365337954,8798,1821,2582
1539231365360887,8799,2590,3001
1539231365385673,8800,8413,4498
1539231365415304,8801,1641,2539
1539231365437616,8802,1654,2584
1539231365460374,8803,1723,2565
1539231365482746,8804,2565,2990
1539231365507691,8805,8435,4514
1539231365537184,8806,1672,2534
1539231365559314,8807,1655,2559
1539231365581920,8808,1718,2581
1539231365604362,8809,2574,2994
1539231365629205,8810,8431,4510
1539231365657884,8811,1643,2536
1539231365680305,8812,1665,2532
1539231365702558,8813,1718,2583
1539231365725562,8814,2570,2993
1539231365750741,8815,8426,4499
1539231365779819,8816,1661,2582
1539231365802793,8817,1671,2556
1539231365825775,8818,1718,2570
1539231365848749,8819,2562,3001
1539231365874050,8820,8442,4504
1539231365903232,8821,1643,2555
1539231365925072,8822,1661,2540
1539231365947250,8823,1708,2590
1539231365970429,8824,2583,2998
1539231365994910,8825,8709,4557
1539231366025276,8826,1659,2593
1539231366048661,8827,1683,2561
1539231366071805,8828,1743,2558
1539231366094964,8829,2595,2985
1539231366119750,8830,8424,4522
1539231366148754,8831,1734,2568
1539231366172195,8832,1668,2536
1539231366195269,8833,1713,2577
1539231366217808,8834,2589,2983
1539231366242746,8835,8423,4500
1539231366272262,8836,1666,2538
1539231366294668,8837,1654,2552
1539231366317180,8838,1739,2580
1539231366339263,8839,2581,2969
1539231366363758,8840,8466,4507
1539231366392605,8841,1668,2538
1539231366414839,8842,1651,2551
1539231366437482,8843,1718,2578
1539231366460442,8844,2739,3001
1539231366485598,8845,8483,4498
1539231366514563,8846,1641,2553
1539231366537516,8847,1650,2551
1539231366560559,8848,1734,2574
1539231366583578,8849,2572,2972
1539231366608377,8850,8468,4494
1539231366637081,8851,1667,2544
1539231366659209,8852,1653,2560
1539231366681496,8853,1710,2578
1539231366703723,8854,2573,2981
1539231366727702,8855,8552,4498
1539231366757836,8856,1648,2567
1539231366780944,8857,1778,2539
1539231366804567,8858,1742,2560
1539231366827542,8859,2599,2985
1539231366852402,8860,8464,4511
1539231366881175,8861,1667,2528
1539231366903723,8862,1656,2552
1539231366926236,8863,1711,2576
1539231366949166,8864,2579,2999
1539231366974437,8865,8437,4520
1539231367003695,8866,1644,2580
1539231367026353,8867,1652,2594
1539231367049235,8868,1745,2574
1539231367072058,8869,2593,3001
1539231367097530,8870,8409,4485
1539231367126315,8871,1639,2534
1539231367148257,8872,1696,2582
1539231367170848,8873,1711,2574
1539231367193031,8874,2586,2996
1539231367218117,8875,8456,4513
1539231367246956,8876,1645,2542
1539231367269909,8877,1651,2559
1539231367292855,8878,1742,2571
1539231367315358,8879,2588,2975
1539231367340829,8880,8435,4527
1539231367369659,8881,1643,2550
1539231367392169,8882,1660,2540
1539231367414409,8883,1711,2583
1539231367436937,8884,2589,2980
1539231367461897,8885,8529,4509
1539231367490767,8886,1648,2547
1539231367513773,8887,1655,2561
1539231367536339,8888,1741,2559
1539231367558851,8889,2572,2981
1539231367583638,8890,8436,4496
1539231367613079,8891,1655,2540
1539231367635953,8892,1676,2542
1539231367658659,8893,1713,2577
1539231367681054,8894,2617,2999
1539231367706069,8895,8452,4505
1539231367735569,8896,1648,2545
1539231367758146,8897,1651,2563
1539231367781580,8898,1816,2611
1539231367805059,8899,2698,3010
1539231367829866,8900,8569,4512
1539231367859178,8901,1641,2557
1539231367881603,8902,1647,2559
1539231367903739,8903,1742,2570
1539231367926511,8904,2555,3004
1539231367951524,8905,8495,4505
1539231367980149,8906,1657,2533
1539231368003068,8907,1660,2581
1539231368026650,8908,1716,2611
1539231368049996,8909,2559,2983
1539231368075230,8910,8427,4484
1539231368104118,8911,1654,2538
1539231368125775,8912,1649,2554
1539231368148316,8913,1730,2602
1539231368170572,8914,2661,2998
1539231368194498,8915,8527,4539
1539231368223310,8916,1646,2542
1539231368245629,8917,1655,2565
1539231368267827,8918,1737,2568
1539231368290889,8919,2574,2977
1539231368315672,8920,8409,4497
1539231368344395,8921,1653,2532
1539231368366948,8922,1649,2547
1539231368389798,8923,1711,2564
1539231368412764,8924,2586,3003
1539231368438274,8925,8456,4520
1539231368467198,8926,1640,2551
1539231368489538,8927,1656,2562
1539231368512583,8928,1726,2563
1539231368535536,8929,2592,2992
1539231368560610,8930,8430,4519
1539231368589445,8931,1639,2557
1539231368611783,8932,1661,2531
1539231368634319,8933,1718,2571
1539231368657497,8934,2660,3000
1539231368682964,8935,8569,4504
1539231368711980,8936,1657,2518
1539231368734713,8937,1655,2548
1539231368757956,8938,1715,2576
1539231368781434,8939,2653,3020
1539231368807021,8940,8427,4512
1539231368836006,8941,1653,2535
1539231368858419,8942,1654,2565
1539231368880491,8943,1737,2573
1539231368903019,8944,2588,2973
1539231368926818,8945,8546,4509
1539231368956842,8946,1667,2528
1539231368979334,8947,1652,2567
1539231369002239,8948,1715,2599
1539231369025011,8949,2575,3041
1539231369051070,8950,8467,4498
1539231369081009,8951,1662,2532
1539231369103520,8952,1651,2550
1539231369126497,8953,1715,2582
1539231369149579,8954,2737,2995
1539231369174875,8955,8472,4504
1539231369204730,8956,1674,2539
1539231369227123,8957,1651,2552
1539231369249410,8958,1725,2568
1539231369271622,8959,2564,2976
1539231369296687,8960,8399,4517
1539231369325443,8961,1664,2598
1539231369347500,8962,1652,2541
1539231369370487,8963,1717,2577
1539231369392568,8964,2578,3006
1539231369417588,8965,8417,4502
1539231369446937,8966,1642,2564
1539231369469348,8967,1672,2547
1539231369491993,8968,1733,2561
1539231369514791,8969,2559,2993
1539231369539930,8970,8435,4507
1539231369569049,8971,1655,2539
1539231369591995,8972,1665,2542
1539231369614310,8973,1712,2585
1539231369637170,8974,2584,2996
1539231369661763,8975,8549,4526
1539231369691227,8976,1646,2537
1539231369713495,8977,1664,2546
1539231369736114,8978,1848,2560
1539231369759116,8979,2581,2971
1539231369783879,8980,8619,4507
1539231369812929,8981,1659,2543
1539231369835453,8982,1651,2561
1539231369858167,8983,1716,2572
1539231369881167,8984,2591,2979
1539231369906638,8985,8449,4505
1539231369935215,8986,1640,2534
1539231369957545,8987,1647,2539
1539231369979982,8988,1734,2567
1539231370002209,8989,2568,3022
1539231370027225,8990,8465,4668
1539231370056129,8991,1660,2527
1539231370078189,8992,1653,2546
1539231370101001,8993,1738,2560
1539231370123443,8994,2585,2979
1539231370148829,8995,8648,4528
1539231370178217,8996,1642,2547
1539231370201256,8997,1681,2549
1539231370224235,8998,1732,2569
1539231370246312,8999,2546,2980
1539231370271317,9000,8430,4497
1539231370300155,9001,1661,2551
1539231370322516,9002,1651,2547
1539231370345303,9003,1728,2576
1539231370367835,9004,2579,2981
1539231370391340,9005,8535,4517
1539231370421149,9006,1654,2530
1539231370443753,9007,1668,2548
1539231370466954,9008,1713,2588
1539231370490079,9009,2569,2986
1539231370514626,9010,8447,4497
1539231370543382,9011,1641,2543
1539231370565874,9012,1649,2554
1539231370588845,9013,1721,2567
1539231370610861,9014,2589,2980
1539231370635850,9015,8419,4500
1539231370665145,9016,1672,2527
1539231370687528,9017,1654,2561
1539231370710602,9018,1723,2568
1539231370733256,9019,2586,2993
1539231370757825,9020,8412,4607
1539231370787496,9021,1642,2560
1539231370809965,9022,1645,2543
1539231370831776,9023,1733,2565
1539231370854275,9024,2547,2986
1539231370879390,9025,8386,4518
1539231370908062,9026,1661,2544
1539231370930837,9027,1662,2557
1539231370953068,9028,1727,2575
1539231370976344,9029,2601,2992
1539231371001501,9030,8494,4587
1539231371030362,9031,1639,2586
1539231371053719,9032,1649,2560
1539231371076051,9033,1742,2561
1539231371099031,9034,2583,2981
1539231371123535,9035,8532,4486
1539231371153776,9036,1642,2544
1539231371175832,9037,1667,2543
1539231371198975,9038,1717,2565
1539231371221953,9039,2563,2988
1539231371246623,9040,8462,4509
1539231371275608,9041,1641,2550
1539231371297989,9042,1657,2549
1539231371320976,9043,1726,2563
1539231371343283,9044,2601,2982
1539231371368636,9045,8552,4535
1539231371397874,9046,1645,2553
1539231371420316,9047,1678,2532
1539231371442620,9048,1709,2568
1539231371465208,9049,2575,2996
1539231371489957,9050,8465,4503
1539231371518735,9051,1645,2545
1539231371541087,9052,1676,2535
1539231371563827,9053,1740,2580
1539231371586699,9054,2571,2995
1539231371611799,9055,8434,4504
1539231371640814,9056,1669,2537
1539231371664031,9057,1673,2536
1539231371686155,9058,1714,2569
1539231371708983,9059,2572,3004
1539231371734429,9060,8446,4513
1539231371763308,9061,1644,2619
1539231371786537,9062,1647,2561
1539231371809442,9063,1710,2590
1539231371831907,9064,2689,3002
1539231371856207,9065,8594,4525
1539231371886424,9066,1643,2545
1539231371908862,9067,1679,2544
1539231371931961,9068,1731,2560
1539231371954381,9069,2565,2980
1539231371979154,9070,8439,4495
1539231372008048,9071,1672,2617
1539231372030964,9072,1647,2580
1539231372054307,9073,1715,2577
1539231372077078,9074,2596,2998
1539231372102074,9075,8444,4489
1539231372132156,9076,1653,2539
1539231372154712,9077,1656,2543
1539231372177008,9078,1738,2551
1539231372199938,9079,2577,2992
1539231372224968,9080,8411,4526
1539231372253672,9081,1643,2553
1539231372275630,9082,1659,2566
1539231372298329,9083,1715,2563
1539231372321233,9084,2576,2982
1539231372346707,9085,8374,4493
1539231372375202,9086,1643,2546
1539231372397907,9087,1660,2548
1539231372420513,9088,1738,2568
1539231372443243,9089,2551,2988
1539231372468701,9090,8454,4521
1539231372497444,9091,1637,2559
1539231372520083,9092,1661,2540
1539231372542793,9093,1711,2576
1539231372565867,9094,2567,2993
1539231372590125,9095,8595,4517
1539231372619475,9096,1645,2555
1539231372641962,9097,1651,2545
1539231372665037,9098,1728,2567
1539231372688245,9099,2572,3006
1539231372712957,9100,8485,4496
1539231372741709,9101,1648,2545
1539231372763839,9102,1681,2611
1539231372787179,9103,1713,2598
1539231372810195,9104,2579,2981
1539231372835548,9105,8409,4497
1539231372865030,9106,1657,2532
1539231372887701,9107,1651,2538
1539231372910508,9108,1719,2587
1539231372932771,9109,2593,2983
1539231372957609,9110,8420,4487
1539231372986805,9111,1645,2547
1539231373009274,9112,1670,2630
1539231373031568,9113,1717,2610
1539231373054362,9114,2558,2998
1539231373079647,9115,8424,4513
1539231373108182,9116,1666,2525
1539231373130996,9117,1653,2552
1539231373153880,9118,1716,2578
1539231373176874,9119,2698,3004
1539231373202707,9120,8421,4500
1539231373231588,9121,1786,2542
1539231373253540,9122,1648,2542
1539231373275667,9123,1711,2582
1539231373298813,9124,2568,2986
1539231373323388,9125,8525,4503
1539231373352459,9126,1677,2543
1539231373375241,9127,1650,2546
1539231373398320,9128,1716,2568
1539231373421469,9129,2565,2988
1539231373445054,9130,8430,4491
1539231373473809,9131,1645,2551
1539231373496252,9132,1678,2538
1539231373518653,9133,1713,2577
1539231373540585,9134,2587,2988
1539231373565765,9135,8432,4503
1539231373595519,9136,1644,2538
1539231373617870,9137,1652,2552
1539231373640560,9138,1748,2569
1539231373663552,9139,2593,2970
1539231373688753,9140,8393,4515
1539231373717732,9141,1640,2549
1539231373740027,9142,1663,2535
1539231373762676,9143,1710,2625
1539231373785683,9144,2878,3048
1539231373811587,9145,8535,4488
1539231373840675,9146,1658,2542
1539231373863670,9147,1657,2547
1539231373885951,9148,1711,2572
1539231373908651,9149,2579,3001
1539231373933172,9150,8488,4515
1539231373962193,9151,1650,2544
1539231373984890,9152,1665,2541
1539231374007601,9153,1713,2641
1539231374030347,9154,2567,3037
1539231374056690,9155,8548,4513
1539231374086686,9156,1639,2550
1539231374109196,9157,1683,2553
1539231374132459,9158,1735,2569
1539231374154995,9159,2574,2972
1539231374180401,9160,8420,4511
1539231374209505,9161,1645,2535
1539231374232087,9162,1672,2533
1539231374254959,9163,1722,2568
1539231374277235,9164,2582,3000
1539231374302753,9165,8460,4507
1539231374332152,9166,1658,2530
1539231374354989,9167,1650,2563
1539231374377240,9168,1732,2591
1539231374399353,9169,2578,2968
1539231374424337,9170,8460,4499
1539231374453254,9171,1657,2553
1539231374475397,9172,1655,2544
1539231374498141,9173,1712,2579
1539231374521183,9174,2595,2983
1539231374546721,9175,8473,4502
1539231374575756,9176,1657,2531
1539231374598512,9177,1650,2554
1539231374621120,9178,1731,2590
1539231374643966,9179,2559,3020
1539231374668940,9180,8571,4530
1539231374697830,9181,1641,2569
1539231374719991,9182,1674,2544
1539231374742518,9183,1713,2579
1539231374765539,9184,2756,3043
1539231374790935,9185,8837,4500
1539231374821279,9186,1655,2561
1539231374844031,9187,1671,2549
1539231374867343,9188,1725,2589
1539231374890239,9189,2558,2985
1539231374915111,9190,8403,4511
1539231374944081,9191,1657,2539
1539231374966835,9192,1648,2556
1539231374989300,9193,1735,2580
1539231375012266,9194,2592,3048
1539231375037617,9195,10524,4521
1539231375068628,9196,1663,2531
1539231375090996,9197,1655,2560
1539231375113135,9198,1731,2583
1539231375135413,9199,2575,2983
1539231375160398,9200,8403,4507
1539231375190407,9201,1641,2535
1539231375212617,9202,1672,2536
1539231375234979,9203,1716,2573
1539231375257466,9204,2567,2998
1539231375282820,9205,8543,4501
1539231375311617,9206,1649,2548
1539231375334712,9207,1651,2550
1539231375358313,9208,1714,2581
1539231375381310,9209,2571,2990
1539231375406481,9210,8419,4494
1539231375435366,9211,1646,2551
1539231375458296,9212,1648,2548
1539231375480830,9213,1722,2563
1539231375504092,9214,2600,2987
1539231375528473,9215,8542,4510
1539231375558436,9216,1649,2542
1539231375581044,9217,1665,2550
1539231375603503,9218,1714,2568
1539231375626297,9219,2565,2979
1539231375650938,9220,8424,4510
1539231375680287,9221,1704,2535
1539231375702799,9222,1656,2550
1539231375725645,9223,1717,2590
1539231375748488,9224,2590,3010
1539231375773462,9225,8727,4549
1539231375803871,9226,1669,2535
1539231375826533,9227,1650,2563
1539231375848979,9228,1746,2562
1539231375871909,9229,2596,3010
1539231375896786,9230,8383,4520
1539231375925963,9231,1640,2547
1539231375947934,9232,1683,2547
1539231375970439,9233,1720,2582
1539231375993263,9234,2581,2988
1539231376019090,9235,8556,4588
1539231376049480,9236,1639,2548
1539231376071680,9237,1654,2552
1539231376093945,9238,1715,2580
1539231376116798,9239,2577,3009
1539231376142087,9240,8415,4547
1539231376170947,9241,1641,2558
1539231376193166,9242,1682,2535
1539231376215979,9243,1742,2569
1539231376238352,9244,2579,2991
1539231376262944,9245,8538,4506
1539231376293233,9246,1662,2564
1539231376315597,9247,1657,2551
1539231376338839,9248,1716,2580
1539231376361920,9249,2575,2982
1539231376386471,9250,8446,4503
1539231376415240,9251,1647,2554
1539231376437283,9252,1666,2567
1539231376460594,9253,1733,2565
1539231376482810,9254,2564,2981
1539231376507685,9255,8482,4498
1539231376537105,9256,1655,2529
1539231376559677,9257,1660,2556
1539231376582286,9258,1720,2570
1539231376605019,9259,2591,2996
1539231376630113,9260,8419,4500
1539231376658860,9261,1643,2551
1539231376680753,9262,1767,2532
1539231376703620,9263,1714,2566
1539231376726576,9264,2553,2995
1539231376751612,9265,8411,4500
1539231376781385,9266,1803,2537
1539231376805139,9267,1670,2527
1539231376827949,9268,1725,2560
1539231376850750,9269,2551,3002
1539231376876061,9270,8437,4494
1539231376905057,9271,1670,2538
1539231376928060,9272,1672,2547
1539231376950264,9273,1717,2573
1539231376973351,9274,2614,2978
1539231376997805,9275,8564,4573
1539231377028033,9276,1654,2590
1539231377051346,9277,1659,2551
1539231377074836,9278,1713,2575
1539231377097680,9279,2576,2987
1539231377122564,9280,8375,4494
1539231377151839,9281,1748,2544
1539231377174977,9282,1647,2544
1539231377197894,9283,1717,2580
1539231377220478,9284,2571,3001
1539231377245693,9285,8446,4499
1539231377274834,9286,1643,2552
1539231377297270,9287,1664,2564
1539231377319925,9288,1737,2578
1539231377343063,9289,2584,2967
1539231377367462,9290,8431,4498
1539231377396226,9291,1667,2531
1539231377418629,9292,1651,2539
1539231377442005,9293,1719,2567
1539231377464953,9294,2584,3004
1539231377490141,9295,8382,4501
1539231377518933,9296,1647,2550
1539231377541921,9297,1652,2550
1539231377564357,9298,1727,2564
1539231377586877,9299,2615,2979
1539231377612053,9300,8431,4511
1539231377641007,9301,1667,2534
1539231377663680,9302,1651,2566
1539231377686091,9303,1715,2572
1539231377708362,9304,2583,2994
1539231377733044,9305,8565,4490
1539231377762899,9306,1643,2568
1539231377785939,9307,1744,2559
1539231377809331,9308,1729,2569
1539231377831807,9309,2577,2973
1539231377856386,9310,8462,4503
1539231377885251,9311,1669,2555
1539231377907749,9312,1665,2553
1539231377930362,9313,1713,2579
1539231377953468,9314,2567,2981
1539231377978422,9315,8431,4525
1539231378007557,9316,1638,2571
1539231378029968,9317,1652,2586
1539231378053385,9318,1729,2589
1539231378075456,9319,2577,2980
1539231378100478,9320,8397,4506
1539231378130214,9321,1642,2547
1539231378152214,9322,1774,2562
1539231378174934,9323,1715,2582
1539231378198450,9324,2564,2981
1539231378223594,9325,8526,4496
1539231378252569,9326,1669,2524
1539231378275127,9327,1650,2547
1539231378297552,9328,1715,2573
1539231378320537,9329,2575,3000
1539231378345534,9330,8439,4510
1539231378374500,9331,1645,2557
1539231378396593,9332,1673,2548
1539231378419128,9333,1714,2590
1539231378441861,9334,2561,2977
1539231378467384,9335,8545,4493
1539231378497133,9336,1654,2542
1539231378520059,9337,1665,2538
1539231378543231,9338,1721,2566
1539231378566223,9339,2572,2975
1539231378590340,9340,8419,4494
1539231378619104,9341,1649,2548
1539231378641184,9342,1660,2532
1539231378663363,9343,1717,2573
1539231378686451,9344,2585,2979
1539231378711519,9345,8441,4502
1539231378740095,9346,1656,2551
1539231378762476,9347,1650,2569
1539231378785618,9348,1828,2577
1539231378808878,9349,2602,2989
1539231378833957,9350,8443,4501
1539231378863008,9351,1641,2553
1539231378884820,9352,1679,2540
1539231378907867,9353,1732,2567
1539231378930746,9354,2553,2995
1539231378955762,9355,8456,4493
1539231378985372,9356,1656,2555
1539231379008309,9357,1735,2623
1539231379031658,9358,1716,2633
1539231379054702,9359,2548,2982
1539231379079821,9360,8457,4509
1539231379108640,9361,1667,2534
1539231379130804,9362,1658,2548
1539231379153167,9363,1847,2593
1539231379176107,9364,2586,3003
1539231379199892,9365,8542,4502
1539231379229453,9366,1642,2575
1539231379251335,9367,1655,2558
1539231379274160,9368,1717,2586
1539231379297011,9369,2589,2980
1539231379322109,9370,8460,4495
1539231379350878,9371,1651,2543
1539231379373368,9372,1669,2547
1539231379396340,9373,1732,2559
1539231379418507,9374,2588,2989
1539231379443961,9375,8456,4493
1539231379473201,9376,1656,2531
1539231379495875,9377,1685,2527
1539231379518895,9378,1714,2573
1539231379540889,9379,2592,2992
1539231379565835,9380,8534,4499
1539231379595367,9381,1641,2543
1539231379617201,9382,1679,2556
1539231379640327,9383,1737,2571
1539231379662613,9384,2567,2978
1539231379687947,9385,8449,4505
1539231379716639,9386,1755,2551
1539231379739941,9387,1672,2553
1539231379762350,9388,1715,2580
1539231379785850,9389,2856,3053
1539231379811631,9390,8447,4503
1539231379841021,9391,1675,2544
1539231379863750,9392,1676,2573
1539231379886128,9393,1721,2575
1539231379908979,9394,2607,2990
1539231379933476,9395,8572,4489
1539231379962322,9396,1642,2533
1539231379984727,9397,1671,2536
1539231380008145,9398,1733,2611
1539231380030824,9399,2568,3024
1539231380056992,9400,8437,4495
1539231380085683,9401,1641,2547
1539231380107987,9402,1673,2528
1539231380130225,9403,1713,2569
1539231380153390,9404,2682,2997
1539231380178543,9405,8562,4505
1539231380208474,9406,1657,2538
1539231380231104,9407,1653,2544
1539231380253876,9408,1718,2584
1539231380276583,9409,2572,3007
1539231380301054,9410,8448,4517
1539231380330300,9411,1639,2545
1539231380352553,9412,1672,2546
1539231380375789,9413,1735,2572
1539231380398892,9414,2565,2966
1539231380424538,9415,8530,4504
1539231380453648,9416,1638,2558
1539231380476628,9417,1664,2543
1539231380499046,9418,1718,2563
1539231380521312,9419,2567,2990
1539231380546518,9420,8441,4490
1539231380575278,9421,1640,2547
1539231380597654,9422,1648,2550
1539231380619714,9423,1730,2557
1539231380642018,9424,2564,2989
1539231380666550,9425,8557,4498
1539231380696610,9426,1676,2532
1539231380719646,9427,1653,2543
1539231380743216,9428,1715,2575
1539231380766312,9429,2690,3074
1539231380791702,9430,8600,4504
1539231380820950,9431,1669,2531
1539231380843188,9432,1652,2552
1539231380865699,9433,1718,2584
1539231380887903,9434,2600,2990
1539231380912936,9435,8477,4504
1539231380942309,9436,1638,2542
1539231380964682,9437,1676,2540
1539231380987127,9438,1715,2579
1539231381009775,9439,2564,3039
1539231381034836,9440,9016,4522
1539231381064276,9441,1659,2535
1539231381086307,9442,1648,2537
1539231381108895,9443,1735,2577
1539231381131433,9444,2576,2978
1539231381157177,9445,8461,4514
1539231381186340,9446,1745,2561
1539231381209634,9447,1652,2552
1539231381232203,9448,1845,2562
1539231381255180,9449,2552,2982
1539231381280071,9450,8453,4504
1539231381308751,9451,1666,2542
1539231381331612,9452,1649,2555
1539231381353854,9453,1719,2580
1539231381376871,9454,2594,2992
1539231381401345,9455,8544,4492
1539231381431351,9456,1643,2546
1539231381454226,9457,1651,2566
1539231381477594,9458,1716,2578
1539231381500608,9459,2577,3006
1539231381525292,9460,8470,4513
1539231381554076,9461,1648,2546
1539231381576599,9462,1660,2531
1539231381599240,9463,1713,2582
1539231381622172,9464,2582,2982
1539231381647563,9465,8427,4519
1539231381676998,9466,1679,2527
1539231381699658,9467,1659,2572
1539231381721906,9468,1722,2591
1539231381744047,9469,2588,2996
1539231381768773,9470,8838,4530
1539231381798172,9471,1675,2551
1539231381820485,9472,1674,2552
1539231381842882,9473,1718,2573
1539231381865149,9474,2588,2985
1539231381890433,9475,8418,4516
1539231381919103,9476,1643,2549
1539231381941977,9477,1657,2547
1539231381964347,9478,1742,2574
1539231381987411,9479,2573,2983
1539231382012638,9480,8633,4600
1539231382041873,9481,1759,2657
1539231382064909,9482,1677,2533
1539231382087296,9483,1719,2571
1539231382109862,9484,2571,2987
1539231382134334,9485,8516,4494
1539231382163965,9486,1659,2544
1539231382186503,9487,1833,2561
1539231382209845,9488,1721,2582
1539231382232899,9489,2580,2991
1539231382257907,9490,8475,4506
1539231382286794,9491,1643,2549
1539231382308902,9492,1686,2535
1539231382331233,9493,1715,2578
1539231382354362,9494,2573,2981
1539231382379723,9495,8461,4495
1539231382409017,9496,1656,2536
1539231382431485,9497,1652,2542
1539231382454318,9498,1715,2569
1539231382477147,9499,2592,3001
1539231382502208,9500,8421,4512
1539231382531589,9501,1646,2558
1539231382553624,9502,1656,2546
1539231382576629,9503,1731,2564
1539231382599795,9504,2585,2981
1539231382624983,9505,8506,4503
1539231382653721,9506,1650,2556
1539231382676798,9507,1673,2535
1539231382699445,9508,1720,2587
1539231382722044,9509,2539,2979
1539231382747041,9510,8375,4510
1539231382776292,9511,1702,2566
1539231382799603,9512,1649,2556
1539231382822452,9513,1712,2578
1539231382844771,9514,2594,3007
1539231382869382,9515,8590,4517
1539231382899294,9516,1648,2559
1539231382921681,9517,1651,2548
1539231382944431,9518,1743,2554
1539231382967606,9519,2573,2977
1539231382992198,9520,8478,4580
1539231383021415,9521,1637,2595
1539231383044636,9522,1791,2541
1539231383067421,9523,1712,2581
1539231383089637,9524,2566,2975
1539231383114576,9525,8423,4500
1539231383144200,9526,1659,2534
1539231383166722,9527,1655,2540
1539231383188865,9528,1779,2568
1539231383211440,9529,2578,2975
1539231383236017,9530,8402,4524
1539231383265028,9531,1660,2531
1539231383287243,9532,1650,2545
1539231383310076,9533,1710,2577
1539231383332343,9534,2584,3010
1539231383357478,9535,8425,4505
1539231383386818,9536,1650,2545
1539231383409497,9537,1649,2547
1539231383431825,9538,1726,2567
1539231383454702,9539,2549,2983
1539231383479781,9540,8462,4493
1539231383508804,9541,1672,2546
1539231383531584,9542,1655,2565
1539231383553832,9543,1711,2596
1539231383576179,9544,2600,3004
1539231383600913,9545,8557,4504
1539231383630882,9546,1646,2555
1539231383653179,9547,1669,2595
1539231383676082,9548,1727,2562
1539231383698523,9549,2559,3004
1539231383723135,9550,8411,4499
1539231383751836,9551,1653,2547
1539231383774462,9552,1652,2579
1539231383797777,9553,1769,2573
1539231383820828,9554,2595,3002
1539231383845706,9555,8449,4509
1539231383874705,9556,1651,2572
1539231383896946,9557,1675,2538
1539231383920320,9558,1732,2568
1539231383942909,9559,2588,2969
1539231383967626,9560,8431,4509
1539231383997515,9561,1642,2559
1539231384019686,9562,1650,2578
1539231384043217,9563,1867,2580
1539231384066476,9564,2557,2986
1539231384091709,9565,8433,4491
1539231384120746,9566,1653,2528
1539231384143653,9567,1653,2559
1539231384166098,9568,1708,2572
1539231384188941,9569,2680,2985
1539231384214429,9570,8417,4501
1539231384243425,9571,1641,2549
1539231384265596,9572,1649,2554
1539231384288098,9573,1728,2566
1539231384310752,9574,2567,2981
1539231384335324,9575,8555,4506
1539231384365386,9576,1678,2541
1539231384388060,9577,1662,2544
1539231384410679,9578,1722,2583
1539231384433533,9579,2563,2980
1539231384458678,9580,8428,4501
1539231384487718,9581,1644,2555
1539231384510326,9582,1654,2551
1539231384532814,9583,1727,2559
1539231384554903,9584,2585,2977
1539231384580000,9585,8440,4495
1539231384609618,9586,1642,2564
1539231384632034,9587,1671,2541
1539231384654331,9588,1713,2615
1539231384676799,9589,2584,2997
1539231384701923,9590,8440,4489
1539231384730705,9591,1643,2543
1539231384752814,9592,1664,2534
1539231384776126,9593,1772,2600
1539231384798739,9594,2548,3011
1539231384824077,9595,8442,4502
1539231384853705,9596,1642,2556
1539231384876631,9597,1662,2550
1539231384899538,9598,1716,2586
1539231384922041,9599,2543,2992
1539231384947350,9600,8467,4490
1539231384976186,9601,1652,2542
1539231384998689,9602,1652,2606
1539231385021142,9603,1734,2617
1539231385043797,9604,2711,2997
1539231385068593,9605,8584,4518
1539231385098196,9606,1652,2552
1539231385121097,9607,1678,2532
1539231385143777,9608,1736,2557
1539231385166108,9609,2572,3006
1539231385189967,9610,8605,4504
1539231385218938,9611,1640,2546
1539231385241218,9612,1662,2559
1539231385263573,9613,1717,2578
1539231385285835,9614,2571,2981
1539231385310987,9615,8434,4498
1539231385339555,9616,1719,2545
1539231385362154,9617,1649,2545
1539231385384598,9618,1737,2563
1539231385406758,9619,2580,2986
1539231385431753,9620,8402,4518
1539231385460454,9621,1666,2542
1539231385482451,9622,1651,2551
1539231385505341,9623,1739,2576
1539231385528315,9624,2584,2987
1539231385554087,9625,8536,4505
1539231385583084,9626,1643,2567
1539231385606077,9627,1651,2550
1539231385628973,9628,1733,2565
1539231385651359,9629,2569,2978
1539231385676566,9630,8441,4513
1539231385705638,9631,1648,2553
1539231385727948,9632,1666,2553
1539231385750600,9633,1715,2580
1539231385774185,9634,2665,3044
1539231385800372,9635,8582,4522
1539231385830388,9636,1645,2555
1539231385853471,9637,1662,2554
1539231385876623,9638,1742,2559
1539231385899901,9639,2584,2990
1539231385925392,9640,8425,4496
1539231385954235,9641,1641,2548
1539231385976780,9642,1662,2533
1539231385999733,9643,1813,2621
1539231386022820,9644,2570,3051
1539231386048093,9645,8454,4492
1539231386077706,9646,1639,2547
1539231386099696,9647,1649,2547
1539231386122968,9648,1717,2569
1539231386145256,9649,2582,2991
1539231386170310,9650,8461,4512
1539231386199538,9651,1639,2532
1539231386221713,9652,1659,2555
1539231386244435,9653,1728,2562
1539231386266870,9654,2585,2986
1539231386292591,9655,8419,4518
1539231386321335,9656,1676,2543
1539231386344428,9657,1678,2544
1539231386367573,9658,1722,2584
1539231386390394,9659,2552,2985
1539231386415524,9660,8415,4498
1539231386444191,9661,1660,2550
1539231386466388,9662,1660,2556
1539231386489198,9663,1729,2582
1539231386512340,9664,2587,3015
1539231386537345,9665,8559,4503
1539231386567284,9666,1648,2546
1539231386589642,9667,1658,2544
1539231386612692,9668,1739,2568
1539231386635744,9669,2569,2987
1539231386660620,9670,8419,4522
1539231386689867,9671,1642,2589
1539231386712431,9672,1680,2544
1539231386735379,9673,1712,2595
1539231386758429,9674,2572,2990
1539231386783786,9675,8719,4521
1539231386813067,9676,1658,2538
1539231386835541,9677,1651,2548
1539231386858510,9678,1719,2588
1539231386881202,9679,2593,2992
1539231386905977,9680,8413,4508
1539231386935029,9681,1644,2551
1539231386956898,9682,1680,2537
1539231386979322,9683,1720,2587
1539231387001636,9684,2588,3020
1539231387026817,9685,8477,4671
1539231387056175,9686,1671,2526
1539231387078793,9687,1656,2563
1539231387101674,9688,1712,2570
1539231387124670,9689,2570,3009
1539231387149897,9690,8572,4513
1539231387178892,9691,1639,2563
1539231387201633,9692,1657,2558
1539231387223957,9693,1727,2564
1539231387246695,9694,2558,2994
1539231387270777,9695,8560,4490
1539231387300834,9696,1663,2536
1539231387323589,9697,1653,2548
1539231387347283,9698,1722,2579
1539231387369672,9699,2559,2976
1539231387395094,9700,8393,4494
1539231387423887,9701,1659,2532
1539231387446528,9702,1652,2549
1539231387469532,9703,1714,2579
1539231387492382,9704,2613,2998
1539231387517955,9705,8437,4499
1539231387547555,9706,1642,2552
1539231387570294,9707,1691,2555
1539231387592963,9708,1739,2571
1539231387615343,9709,2588,2974
1539231387639799,9710,8416,4500
1539231387669079,9711,1665,2525
1539231387690963,9712,1654,2581
1539231387713854,9713,1716,2567
1539231387736646,9714,2587,2990
1539231387761712,9715,8592,4556
1539231387791761,9716,1656,2571
1539231387814533,9717,1652,2549
1539231387836839,9718,1748,2574
1539231387859276,9719,2572,2969
1539231387884078,9720,8414,4479
1539231387913389,9721,1659,2561
1539231387936169,9722,1661,2545
1539231387958440,9723,1713,2582
1539231387980645,9724,2590,2997
1539231388004206,9725,8603,4553
1539231388034394,9726,1646,2996
1539231388057950,9727,1659,2564
1539231388080116,9728,1741,2566
1539231388102616,9729,2569,2989
1539231388127223,9730,8451,4513
1539231388156133,9731,1727,2577
1539231388178808,9732,1653,2566
1539231388202274,9733,1714,2570
1539231388225351,9734,2599,2986
1539231388250601,9735,8491,4512
1539231388280316,9736,1673,2538
1539231388302952,9737,1646,2554
1539231388325516,9738,1709,2582
1539231388348312,9739,2602,2988
1539231388373243,9740,8434,4500
1539231388402255,9741,1637,2534
1539231388424473,9742,1678,2531
1539231388446604,9743,1714,2593
1539231388469445,9744,2573,2999
1539231388494956,9745,8409,4506
1539231388523937,9746,1656,2531
1539231388546779,9747,1658,2547
1539231388569285,9748,1729,2589
1539231388592433,9749,2559,2998
1539231388617449,9750,8426,4503
1539231388646436,9751,1639,2548
1539231388668424,9752,1664,2538
1539231388690915,9753,1710,2592
1539231388713238,9754,2586,2997
1539231388738408,9755,8563,4509
1539231388768193,9756,1820,2588
1539231388791702,9757,1663,2592
1539231388815285,9758,1723,2568
1539231388838204,9759,2578,2982
1539231388862977,9760,8432,4509
1539231388891831,9761,1659,2536
1539231388914197,9762,1651,2550
1539231388936968,9763,1727,2561
1539231388959566,9764,2597,2971
1539231388984748,9765,8434,4511
1539231389014191,9766,1649,2577
1539231389036781,9767,1774,2679
1539231389060454,9768,1731,2557
1539231389082550,9769,2554,2973
1539231389107705,9770,8410,4503
1539231389136457,9771,1655,2524
1539231389159289,9772,1645,2556
1539231389182491,9773,1712,2574
1539231389205677,9774,2569,2986
1539231389230754,9775,8508,4509
1539231389259498,9776,1638,2523
1539231389282323,9777,1652,2568
1539231389304873,9778,1739,2578
1539231389327872,9779,2569,2982
1539231389353280,9780,8484,4507
1539231389382084,9781,1641,2563
1539231389404626,9782,1666,2548
1539231389427522,9783,1719,2576
1539231389450051,9784,2572,2981
1539231389474173,9785,8555,4506
1539231389503636,9786,1645,2553
1539231389525854,9787,1658,2536
1539231389548946,9788,1735,2578
1539231389572106,9789,2582,3003
1539231389596810,9790,8378,4511
1539231389625548,9791,1640,2555
1539231389647707,9792,1656,2550
1539231389670308,9793,1724,2576
1539231389693293,9794,2659,3006
1539231389718570,9795,8436,4497
1539231389747590,9796,1642,2542
1539231389770215,9797,1805,2581
1539231389793688,9798,1823,2610
1539231389816858,9799,2577,3001
1539231389841286,9800,8401,4499
1539231389870058,9801,1641,2534
1539231389892276,9802,1667,2538
1539231389915408,9803,1721,2568
1539231389938386,9804,2559,2997
1539231389963553,9805,8438,4510
1539231389992458,9806,1655,2534
1539231390015292,9807,1647,2588
1539231390038214,9808,1857,2626
1539231390060897,9809,2574,2983
1539231390085572,9810,8471,4491
1539231390114756,9811,1639,2545
1539231390136492,9812,1668,2539
1539231390158811,9813,1708,2592
1539231390180921,9814,2601,2992
1539231390206315,9815,8697,4489
1539231390236136,9816,1666,2534
1539231390258641,9817,1655,2557
1539231390281335,9818,1728,2573
1539231390303804,9819,2579,2969
1539231390327524,9820,8433,4489
1539231390356307,9821,1655,2531
1539231390378701,9822,1656,2565
1539231390401249,9823,1740,2583
1539231390423471,9824,2580,2970
1539231390448853,9825,8579,4493
1539231390478406,9826,1653,2546
1539231390500973,9827,1675,2533
1539231390523444,9828,1713,2576
1539231390546265,9829,2561,2989
1539231390571315,9830,8433,4498
1539231390600078,9831,1653,2527
1539231390622123,9832,1652,2539
1539231390645212,9833,1738,2591
1539231390667599,9834,2583,2961
1539231390692816,9835,8592,4505
1539231390721951,9836,1644,2551
1539231390745104,9837,1661,2528
1539231390767882,9838,1746,2635
1539231390791129,9839,2575,3012
1539231390816305,9840,8433,4477
1539231390845084,9841,1648,2529
1539231390867550,9842,1649,2539
1539231390890166,9843,1721,2577
1539231390912284,9844,2596,2990
1539231390936347,9845,8541,4477
1539231390966315,9846,1642,2565
1539231390988443,9847,1663,2539
1539231391011815,9848,1745,2604
1539231391035048,9849,2610,3180
1539231391059602,9850,8412,4439
1539231391088245,9851,1668,2537
1539231391110698,9852,1654,2544
1539231391133115,9853,1730,2587
1539231391155989,9854,2729,3001
1539231391181175,9855,8491,4499
1539231391211156,9856,1640,2533
1539231391233638,9857,1800,2567
1539231391256327,9858,1743,2562
1539231391278229,9859,2565,3002
1539231391302952,9860,8400,4506
1539231391331755,9861,1669,2539
1539231391354407,9862,1660,2552
1539231391377022,9863,1728,2564
1539231391400335,9864,2573,3005
1539231391426240,9865,8489,4514
1539231391454840,9866,1648,2548
1539231391476933,9867,1666,2535
1539231391499119,9868,1714,2568
1539231391522267,9869,2555,2998
1539231391547362,9870,8412,4508
1539231391576195,9871,1653,2539
1539231391598229,9872,1652,2552
1539231391620866,9873,1724,2571
1539231391643495,9874,2581,2969
1539231391667139,9875,8524,4483
1539231391697084,9876,1767,2585
1539231391719842,9877,1671,2535
1539231391742558,9878,1714,2581
1539231391764835,9879,2685,3059
1539231391790348,9880,8668,4512
1539231391819687,9881,1643,2557
1539231391842748,9882,1749,2550
1539231391865341,9883,1850,2585
1539231391888724,9884,2585,3002
1539231391913121,9885,8442,4510
1539231391942507,9886,1649,2545
1539231391964762,9887,1673,2527
1539231391987262,9888,1707,2579
1539231392009602,9889,2565,3039
1539231392034587,9890,10263,4494
1539231392065160,9891,1668,2526
1539231392087445,9892,1659,2546
1539231392110493,9893,1720,2582
1539231392133649,9894,2571,2993
1539231392158883,9895,8434,4512
1539231392187682,9896,1640,2553
1539231392210593,9897,1651,2549
1539231392233156,9898,1742,2582
1539231392256189,9899,2573,2988
1539231392281250,9900,8434,4489
1539231392310295,9901,1640,2547
1539231392332042,9902,1664,2550
1539231392354831,9903,1717,2575
1539231392376782,9904,2585,2989
1539231392400350,9905,8572,4520
1539231392430396,9906,1650,2552
1539231392452933,9907,1672,2534
1539231392475864,9908,1726,2563
1539231392498093,9909,2577,2991
1539231392522538,9910,8408,4516
1539231392551581,9911,1642,2562
1539231392574248,9912,1649,2546
1539231392596879,9913,1727,2574
1539231392619088,9914,2587,2969
1539231392644308,9915,8449,4483
1539231392673913,9916,1644,2549
1539231392696367,9917,1682,2558
1539231392718899,9918,1717,2594
1539231392740885,9919,2569,2984
1539231392765934,9920,8848,4526
1539231392795755,9921,1637,2581
1539231392817686,9922,1653,2543
1539231392840218,9923,1734,2560
1539231392862624,9924,2564,2997
1539231392888002,9925,8429,4496
1539231392916505,9926,1671,2522
1539231392938699,9927,1654,2566
1539231392961004,9928,1741,2557
1539231392983245,9929,2565,2967
1539231393008641,9930,8599,4583
1539231393038056,9931,1735,3167
1539231393061886,9932,1651,2556
1539231393084603,9933,1749,2568
1539231393106893,9934,2595,2973
1539231393131702,9935,8552,4495
1539231393161995,9936,1642,2542
1539231393185225,9937,1676,2559
1539231393207566,9938,1714,2573
1539231393230426,9939,2561,3018
1539231393255427,9940,8417,4514
1539231393284644,9941,1667,2542
1539231393307243,9942,1654,2567
1539231393329752,9943,1714,2593
1539231393352448,9944,2598,2999
1539231393377788,9945,8401,4506
1539231393407610,9946,1648,2560
1539231393430125,9947,1648,2568
1539231393452581,9948,1745,2568
1539231393474753,9949,2560,2987
1539231393499787,9950,8435,4493
1539231393529523,9951,1643,2563
1539231393551583,9952,1652,2572
1539231393574869,9953,1721,2569
1539231393597339,9954,2570,3002
1539231393622438,9955,8480,4508
1539231393651130,9956,1641,2554
1539231393673348,9957,1666,2558
1539231393696636,9958,1725,2582
1539231393719366,9959,2572,2980
1539231393744667,9960,8468,4520
1539231393774209,9961,1664,2580
1539231393796610,9962,1764,2562
1539231393819107,9963,1714,2579
1539231393842360,9964,2563,2987
1539231393865936,9965,8533,4506
1539231393895489,9966,1644,2542
1539231393917944,9967,1655,2547
1539231393940535,9968,1734,2556
1539231393963587,9969,2590,2972
1539231393988186,9970,8415,4520
1539231394017376,9971,1662,2580
1539231394039827,9972,1730,2697
1539231394062845,9973,1719,2582
1539231394085807,9974,2579,2987
1539231394110856,9975,8456,4520
1539231394140398,9976,1672,2529
1539231394163172,9977,1652,2552
1539231394185769,9978,1712,2591
1539231394208797,9979,2637,2981
1539231394233506,9980,8447,4503
1539231394262492,9981,1636,2548
1539231394284430,9982,1667,2542
1539231394307436,9983,1717,2573
1539231394329758,9984,2565,2980
1539231394355106,9985,8397,4513
1539231394383753,9986,1657,2527
1539231394406580,9987,1649,2554
1539231394428938,9988,1726,2555
1539231394452058,9989,2574,3003
1539231394477110,9990,8491,4519
1539231394506180,9991,1637,2559
1539231394527936,9992,1669,2546
1539231394550749,9993,1717,2568
1539231394573086,9994,2589,2981
1539231394597644,9995,8540,4507
1539231394627141,9996,1640,2544
1539231394649326,9997,1680,2547
1539231394672302,9998,1728,2557
1539231394695480,9999,2570,2975
1539231394720596,10000,8432,4515
1539231394749334,10001,1655,2564
1539231394772269,10002,1738,2571
1539231394795855,10003,1744,2600
1539231394818688,10004,2582,3003
1539231394843817,10005,8457,4492
1539231394872648,10006,1653,2536
1539231394895016,10007,1653,2556
1539231394918086,10008,1715,2572
1539231394940888,10009,2572,3005
1539231394965911,10010,8396,4520
1539231394994538,10011,1639,2558
1539231395016959,10012,1674,2566
1539231395039366,10013,1768,2701
1539231395062710,10014,2564,2993
1539231395088666,10015,8497,4516
1539231395117497,10016,1771,2545
1539231395140562,10017,1678,2546
1539231395163143,10018,1715,2588
1539231395186233,10019,2552,2999
1539231395211584,10020,8479,4501
1539231395240698,10021,1652,2536
1539231395263259,10022,1653,2557
1539231395285231,10023,1739,2584
1539231395307892,10024,2597,2994
1539231395332120,10025,8520,4551
1539231395361682,10026,1644,2541
1539231395383884,10027,1668,2530
1539231395406953,10028,1716,2574
1539231395429845,10029,2573,2976
1539231395454449,10030,8454,4494
1539231395483222,10031,1640,2527
1539231395505699,10032,1650,2543
1539231395528816,10033,1733,2572
1539231395551656,10034,2604,2968
1539231395577123,10035,8431,4501
1539231395606833,10036,1643,2548
1539231395629508,10037,1652,2557
1539231395651955,10038,1736,2564
1539231395674137,10039,2570,2981
1539231395699119,10040,8540,4507
1539231395728010,10041,1659,2542
1539231395749810,10042,1653,2557
1539231395772870,10043,1826,2558
1539231395796344,10044,2670,2995
1539231395821489,10045,8447,4513
1539231395850099,10046,1645,2548
1539231395873322,10047,1685,2560
1539231395896305,10048,1738,2568
1539231395918829,10049,2556,3003
1539231395943892,10050,8442,4493
1539231395972664,10051,1654,2531
1539231395995283,10052,1648,2549
1539231396017587,10053,1711,2604
1539231396040517,10054,3065,3172
1539231396065665,10055,8545,4513
1539231396095752,10056,1658,2545
1539231396118387,10057,1658,2544
1539231396141592,10058,1716,2595
1539231396164888,10059,2577,3006
1539231396189656,10060,8420,4508
1539231396218507,10061,1646,2559
1539231396241328,10062,1676,2540
1539231396264285,10063,1740,2561
1539231396286237,10064,2564,2998
1539231396311211,10065,8422,4516
1539231396341064,10066,1656,2539
1539231396363115,10067,1662,2564
1539231396385947,10068,1723,2575
1539231396408730,10069,2585,2983
1539231396433500,10070,8434,4508
1539231396462417,10071,1648,2550
1539231396484869,10072,1670,2538
1539231396507094,10073,1716,2585
1539231396529519,10074,2558,2992
1539231396554873,10075,8418,4529
1539231396584021,10076,1659,2528
1539231396606805,10077,1649,2553
1539231396629088,10078,1728,2564
1539231396652073,10079,2561,2988
1539231396677323,10080,8444,4502
1539231396706266,10081,1637,2562
1539231396728050,10082,1662,2535
1539231396750674,10083,1712,2577
1539231396774148,10084,2660,3014
1539231396799669,10085,8703,4503
1539231396829382,10086,1660,2553
1539231396851851,10087,1667,2543
1539231396874161,10088,1716,2572
1539231396897205,10089,2607,2998
1539231396922143,10090,8411,4513
1539231396950792,10091,1647,2548
1539231396973122,10092,1676,2538
1539231396996255,10093,1732,2569
1539231397018652,10094,2580,3041
1539231397043948,10095,8554,4495
1539231397073663,10096,1658,2554
1539231397096182,10097,1683,2544
1539231397118208,10098,1719,2567
1539231397141102,10099,2570,3006
1539231397166112,10100,8410,4518
1539231397194919,10101,1639,2558
1539231397216907,10102,1677,2539
1539231397239646,10103,1716,2581
1539231397262748,10104,2572,2990
1539231397287921,10105,8437,4492
1539231397316840,10106,1668,2538
1539231397339649,10107,1650,2577
1539231397362427,10108,1708,2569
1539231397384482,10109,2589,2996
1539231397409889,10110,8396,4500
1539231397438890,10111,1636,2548
1539231397460907,10112,1668,2532
1539231397483202,10113,1718,2574
1539231397506484,10114,2575,2988
1539231397530591,10115,8580,4502
1539231397560742,10116,1671,2548
1539231397582790,10117,1666,2585
1539231397605924,10118,1716,2572
1539231397628781,10119,2587,2992
1539231397653991,10120,8440,4496
1539231397682913,10121,1641,2544
1539231397705437,10122,1708,2559
1539231397728726,10123,1745,2558
1539231397750842,10124,2606,2982
1539231397776657,10125,8715,4560
1539231397807066,10126,1638,2551
1539231397829659,10127,1652,2548
1539231397852781,10128,1731,2568
1539231397875004,10129,2578,2974
1539231397899989,10130,8430,4490
1539231397929099,10131,1664,2523
1539231397951271,10132,1650,2539
1539231397973965,10133,1715,2563
1539231397997026,10134,2591,3074
1539231398022269,10135,8460,4580
1539231398051831,10136,1668,2533
1539231398074770,10137,1652,2544
1539231398097460,10138,1718,2572
1539231398120423,10139,2573,3001
1539231398145155,10140,8449,4505
1539231398174346,10141,1641,2553
1539231398197016,10142,1685,2559
1539231398219816,10143,1732,2586
1539231398242338,10144,2556,2979
1539231398265987,10145,8593,4505
1539231398295977,10146,1673,2539
1539231398318931,10147,1656,2555
1539231398342007,10148,1712,2583
1539231398365033,10149,2588,2995
1539231398389561,10150,8520,4500
1539231398418439,10151,1638,2533
1539231398440632,10152,1677,2544
1539231398463384,10153,1715,2589
1539231398485836,10154,2580,2982
1539231398510735,10155,8433,4498
1539231398539471,10156,1639,2550
1539231398561932,10157,1656,2568
1539231398584492,10158,1738,2567
1539231398607230,10159,2587,2983
1539231398631447,10160,8374,4503
1539231398660396,10161,1657,2539
1539231398683256,10162,1657,2560
1539231398706178,10163,1883,2579
1539231398729223,10164,2576,3007
1539231398754191,10165,8402,4561
1539231398783496,10166,1641,2571
1539231398807066,10167,1658,2541
1539231398829744,10168,1721,2570
1539231398852652,10169,2564,2999
1539231398877688,10170,8441,4501
1539231398906413,10171,1644,2557
1539231398928559,10172,1661,2540
1539231398950859,10173,1718,2578
1539231398973500,10174,2576,2985
1539231398998391,10175,8588,4563
1539231399027925,10176,1660,2566
1539231399050678,10177,1651,2548
1539231399073774,10178,1725,2585
1539231399096926,10179,2567,2991
1539231399121900,10180,8460,4509
1539231399151029,10181,1724,2565
1539231399173739,10182,1658,2551
1539231399196891,10183,1728,2560
1539231399219221,10184,2602,2984
1539231399244259,10185,8439,4500
1539231399272823,10186,1656,2525
1539231399295243,10187,1653,2556
1539231399318091,10188,1713,2564
1539231399340995,10189,2686,3019
1539231399365800,10190,8449,4510
1539231399395330,10191,1638,2543
1539231399416953,10192,1671,2533
1539231399439487,10193,1715,2573
1539231399462325,10194,2551,2976
1539231399487754,10195,8411,4521
1539231399516375,10196,1670,2542
1539231399539125,10197,1649,2553
1539231399562018,10198,1720,2575
1539231399584835,10199,2579,2976
1539231399609886,10200,8420,4526
1539231399638795,10201,1640,2547
1539231399660784,10202,1678,2542
1539231399683480,10203,1713,2591
1539231399705679,10204,2668,3006
1539231399730376,10205,8531,4515
1539231399760377,10206,1675,2530
1539231399783132,10207,1664,2586
1539231399806824,10208,1710,2571
1539231399829132,10209,2745,3016
1539231399853928,10210,8463,4522
1539231399884110,10211,1659,2525
1539231399906375,10212,1648,2546
1539231399928859,10213,1727,2561
1539231399951645,10214,2576,2977
1539231399976695,10215,8476,4501
1539231400005982,10216,1649,2567
1539231400028379,10217,1666,2590
1539231400051454,10218,1714,2588
1539231400074264,10219,2559,2986
1539231400099054,10220,8430,4503
1539231400128104,10221,1654,2544
1539231400150381,10222,1656,2560
1539231400173234,10223,1732,2586
1539231400196348,10224,2579,3007
1539231400221318,10225,8530,4507
1539231400250345,10226,1648,2549
1539231400273473,10227,1657,2566
1539231400296404,10228,1745,2561
1539231400319180,10229,2569,2973
1539231400343418,10230,8419,4511
1539231400372041,10231,1653,2537
1539231400394571,10232,1650,2562
1539231400417426,10233,1711,2601
1539231400439517,10234,2701,2976
1539231400464348,10235,8568,4524
1539231400494434,10236,1646,2548
1539231400516603,10237,1666,2552
1539231400539775,10238,1728,2577
1539231400562188,10239,2558,2982
1539231400586705,10240,8416,4503
1539231400615359,10241,1644,2543
1539231400637625,10242,1650,2562
1539231400660738,10243,1737,2558
1539231400683245,10244,2586,2975
1539231400708508,10245,8520,4507
1539231400738086,10246,1647,2544
1539231400760275,10247,1663,2531
1539231400783260,10248,1717,2606
1539231400805745,10249,2669,2997
1539231400830816,10250,8405,4498
1539231400859921,10251,1656,2538
1539231400882301,10252,1651,2556
1539231400905674,10253,1718,2601
1539231400928798,10254,2586,3001
1539231400954126,10255,8518,4505
1539231400982840,10256,1640,2545
1539231401005275,10257,1665,2578
1539231401028587,10258,1729,2604
1539231401052268,10259,2585,2989
1539231401077258,10260,8438,4494
1539231401106247,10261,1638,2539
1539231401128198,10262,1678,2548
1539231401150494,10263,1824,2612
1539231401173583,10264,2585,2974
1539231401198451,10265,8544,4546
1539231401228460,10266,1663,2533
1539231401250428,10267,1655,2547
1539231401273265,10268,1731,2565
1539231401295505,10269,2573,2973
1539231401320077,10270,8434,4499
1539231401349080,10271,1667,2533
1539231401371570,10272,1651,2550
1539231401394123,10273,1715,2558
1539231401416823,10274,2583,3003
1539231401442330,10275,8428,4497
1539231401471919,10276,1660,2533
1539231401494209,10277,1653,2559
1539231401517472,10278,1720,2577
1539231401540047,10279,2579,3001
1539231401564371,10280,8420,4487
1539231401593297,10281,1654,2554
1539231401615441,10282,1651,2550
1539231401638166,10283,1717,2565
1539231401660625,10284,2586,2983
1539231401685880,10285,8390,4501
1539231401714556,10286,1645,2548
1539231401737375,10287,1669,2548
1539231401759956,10288,1740,2561
1539231401782957,10289,2575,3004
1539231401808849,10290,8561,4494
1539231401838016,10291,1642,2557
1539231401859886,10292,1669,2542
1539231401882135,10293,1715,2577
1539231401904461,10294,2595,3010
1539231401929173,10295,8590,4499
1539231401959351,10296,1643,2564
1539231401982029,10297,1653,2561
1539231402005305,10298,1740,2606
1539231402028626,10299,2584,3049
1539231402054624,10300,8473,4497
1539231402083833,10301,1668,2535
1539231402106482,10302,1654,2548
1539231402129100,10303,1728,2551
1539231402151907,10304,2616,2987
1539231402177049,10305,8489,4502
1539231402205840,10306,1646,2551
1539231402228244,10307,1670,2532
1539231402250715,10308,1713,2580
1539231402272835,10309,2592,2999
1539231402297921,10310,8391,4497
1539231402327416,10311,1642,2551
1539231402349213,10312,1684,2554
1539231402372184,10313,1729,2578
1539231402394609,10314,2560,2979
1539231402419788,10315,8508,4501
1539231402448642,10316,1658,2559
1539231402471636,10317,1654,2557
1539231402494446,10318,1720,2579
1539231402517419,10319,2561,2990
1539231402542608,10320,8433,4502
1539231402571672,10321,1644,2553
1539231402593966,10322,1652,2547
1539231402616604,10323,1725,2559
1539231402638852,10324,2582,2978
1539231402663582,10325,8539,4496
1539231402692560,10326,1657,2532
1539231402715111,10327,1653,2560
1539231402737439,10328,1715,2595
1539231402760534,10329,2596,3000
1539231402785843,10330,8626,4545
1539231402815042,10331,1650,2559
1539231402837674,10332,1649,2556
1539231402859877,10333,1741,2576
1539231402882628,10334,2568,2990
1539231402908170,10335,8423,4504
1539231402937537,10336,1641,2553
1539231402960080,10337,1668,2531
1539231402982708,10338,1723,2576
1539231403005600,10339,2581,3060
1539231403030407,10340,8650,4604
1539231403059589,10341,1640,2543
1539231403082027,10342,1654,2565
1539231403104529,10343,1742,2565
1539231403127176,10344,2573,2968
1539231403152255,10345,8647,4519
1539231403182049,10346,1639,2543
1539231403204693,10347,1673,2537
1539231403227341,10348,1719,2568
1539231403250233,10349,2548,2995
1539231403275209,10350,8426,4510
1539231403303933,10351,1653,2563
1539231403326453,10352,1649,2567
1539231403348854,10353,1732,2572
1539231403371058,10354,2577,2980
1539231403395970,10355,8533,4493
1539231403426092,10356,1644,2560
1539231403448080,10357,1677,2549
1539231403471204,10358,1720,2574
1539231403494332,10359,2558,2981
1539231403518990,10360,8485,4509
1539231403547828,10361,1657,2538
1539231403570831,10362,1691,2549
1539231403594134,10363,1718,2580
1539231403616794,10364,2595,2998
1539231403641854,10365,8425,4510
1539231403671042,10366,1642,2556
1539231403693375,10367,1674,2552
1539231403716366,10368,1754,2572
1539231403738339,10369,2559,2975
1539231403762850,10370,8660,4551
1539231403792297,10371,1719,2559
1539231403815027,10372,1649,2539
1539231403837468,10373,1712,2608
1539231403860619,10374,2571,3015
1539231403885930,10375,8518,4502
1539231403915560,10376,1642,2536
1539231403938442,10377,1652,2553
1539231403961079,10378,1729,2568
1539231403984072,10379,2559,2998
1539231404008982,10380,8619,4561
1539231404038258,10381,1638,2608
1539231404060228,10382,1674,2555
1539231404082536,10383,1716,2596
1539231404104794,10384,2587,2996
1539231404129428,10385,8549,4506
1539231404159376,10386,1741,2565
1539231404181778,10387,1655,2545
1539231404204249,10388,1742,2571
1539231404227147,10389,2571,2971
1539231404250902,10390,8441,4490
1539231404279679,10391,1640,2548
1539231404302387,10392,1649,2550
1539231404324606,10393,1739,2564
1539231404346803,10394,2581,2993
1539231404371829,10395,8414,4497
1539231404401076,10396,1667,2535
1539231404423514,10397,1658,2547
1539231404445720,10398,1717,2577
1539231404468031,10399,2570,3015
1539231404492886,10400,8416,4518
1539231404521448,10401,1644,2559
1539231404543650,10402,1650,2549
1539231404566662,10403,1726,2574
1539231404589667,10404,2570,2977
1539231404614874,10405,8417,4504
1539231404643551,10406,1643,2536
1539231404666539,10407,1650,2556
1539231404689222,10408,1741,2569
1539231404711676,10409,2693,2972
1539231404736904,10410,8387,4505
1539231404765731,10411,1777,2620
1539231404788532,10412,1739,2580
1539231404811162,10413,1718,2578
1539231404833600,10414,2579,2980
1539231404857998,10415,8535,4495
1539231404888003,10416,1650,2521
1539231404910429,10417,1652,2541
1539231404933615,10418,1720,2581
1539231404956542,10419,2591,2988
1539231404981043,10420,8464,4498
1539231405010314,10421,1636,2582
1539231405032618,10422,1663,2562
1539231405055699,10423,1733,2555
1539231405077976,10424,2572,2988
1539231405103056,10425,8413,4506
1539231405131956,10426,1660,2533
1539231405154375,10427,1656,2547
1539231405176809,10428,1730,2563
1539231405198940,10429,2572,2977
1539231405224144,10430,8412,4530
1539231405252948,10431,1672,2524
1539231405274975,10432,1654,2558
1539231405297347,10433,1734,2577
1539231405320346,10434,2564,2992
1539231405345259,10435,8607,4513
1539231405374354,10436,1641,2539
1539231405397192,10437,1677,2555
1539231405419671,10438,1716,2579
1539231405442082,10439,2556,2996
1539231405466457,10440,8437,4494
1539231405495593,10441,1642,2543
1539231405517633,10442,1658,2572
1539231405539897,10443,1730,2547
1539231405562281,10444,2579,2997
1539231405586091,10445,8709,4494
1539231405616385,10446,1666,2526
1539231405638907,10447,1654,2554
1539231405662029,10448,1718,2582
1539231405684769,10449,2587,2983
1539231405709938,10450,8510,4508
1539231405738874,10451,1648,2544
1539231405761159,10452,1687,2591
1539231405784644,10453,1814,2571
1539231405807213,10454,2580,2978
1539231405832637,10455,8441,4523
1539231405862075,10456,1636,2543
1539231405884345,10457,1667,2536
1539231405906539,10458,1728,2594
1539231405928804,10459,2583,3009
1539231405953940,10460,8446,4505
1539231405982925,10461,1647,2561
1539231406004949,10462,1674,2558
1539231406027214,10463,1715,2615
1539231406050624,10464,2566,3010
1539231406075886,10465,8395,4499
1539231406104382,10466,1665,2534
1539231406127375,10467,1654,2552
1539231406150304,10468,1713,2575
1539231406173323,10469,2562,2990
1539231406198513,10470,8428,4523
1539231406227413,10471,1641,2546
1539231406249251,10472,1665,2567
1539231406271284,10473,1719,2582
1539231406293514,10474,2586,2989
1539231406318294,10475,8540,4518
1539231406347834,10476,1660,2543
1539231406370415,10477,1651,2570
1539231406393641,10478,1716,2589
1539231406416619,10479,2602,2996
1539231406440953,10480,8421,4540
1539231406469962,10481,1642,2539
1539231406491852,10482,1670,2554
1539231406514839,10483,1713,2597
1539231406537858,10484,2574,3005
1539231406563026,10485,8532,4520
1539231406592150,10486,1661,2530
1539231406613862,10487,1651,2550
1539231406636911,10488,1737,2566
1539231406659900,10489,2587,3008
1539231406685181,10490,8442,4505
1539231406713928,10491,1667,2595
1539231406736271,10492,1674,2533
1539231406758853,10493,1716,2580
1539231406781584,10494,2641,3005
1539231406806946,10495,8417,4510
1539231406835562,10496,1642,2548
1539231406858802,10497,1652,2558
1539231406881312,10498,1731,2592
1539231406904346,10499,2561,3014
1539231406929527,10500,8432,4490
1539231406958445,10501,1642,2555
1539231406980143,10502,1680,2549
1539231407002495,10503,1713,2596
1539231407024826,10504,2597,3040
1539231407050360,10505,8552,4499
1539231407079683,10506,1641,2540
1539231407102474,10507,1661,2560
1539231407124618,10508,1746,2569
1539231407147661,10509,2599,2984
1539231407172734,10510,8437,4516
1539231407202394,10511,1643,2548
1539231407225074,10512,1663,2531
1539231407248027,10513,1726,2565
1539231407270426,10514,2565,2987
1539231407295862,10515,8475,4504
1539231407325478,10516,1638,2551
1539231407348028,10517,1660,2538
1539231407370178,10518,1717,2580
1539231407393084,10519,2581,2980
1539231407417941,10520,8425,4504
1539231407447142,10521,1639,2555
1539231407469571,10522,1653,2542
1539231407491579,10523,1717,2571
1539231407513715,10524,2554,2998
1539231407538837,10525,8449,4507
1539231407567531,10526,1643,2564
1539231407590243,10527,1655,2565
1539231407612533,10528,1739,2560
1539231407635506,10529,2589,2978
1539231407660909,10530,8473,4511
1539231407689940,10531,1639,2552
1539231407712188,10532,1670,2554
1539231407734876,10533,1716,2579
1539231407758106,10534,2567,2974
1539231407782803,10535,8719,4526
1539231407813154,10536,1657,2531
1539231407836331,10537,1703,2558
1539231407859494,10538,1719,2592
1539231407882102,10539,2567,2974
1539231407906976,10540,8461,4500
1539231407936080,10541,1657,2532
1539231407958783,10542,1654,2545
1539231407981580,10543,1716,2585
1539231408003723,10544,2587,3004
1539231408028732,10545,8641,4684
1539231408058369,10546,1646,2544
1539231408080883,10547,1672,2534
1539231408103114,10548,1708,2570
1539231408125061,10549,2589,3004
1539231408149755,10550,8425,4531
1539231408179284,10551,1642,2553
1539231408201572,10552,1648,2547
1539231408224446,10553,1731,2566
1539231408247789,10554,2579,2978
1539231408273309,10555,8424,4495
1539231408301816,10556,1647,2555
1539231408324784,10557,1676,2530
1539231408347216,10558,1714,2595
1539231408369558,10559,2550,2990
1539231408394406,10560,8453,4489
1539231408423266,10561,1644,2545
1539231408445492,10562,1650,2554
1539231408468251,10563,1728,2557
1539231408490736,10564,2568,3004
1539231408514483,10565,8546,4507
1539231408544756,10566,1657,2547
1539231408567404,10567,1649,2561
1539231408590357,10568,1716,2568
1539231408613491,10569,2570,2984
1539231408638229,10570,8418,4495
1539231408667331,10571,1638,2571
1539231408689651,10572,1655,2557
1539231408712258,10573,1733,2568
1539231408734655,10574,2581,2997
1539231408759260,10575,8534,4610
1539231408789667,10576,1704,2552
1539231408812237,10577,1662,2527
1539231408835382,10578,1714,2578
1539231408858221,10579,2557,2986
1539231408883485,10580,8416,4500
1539231408912314,10581,1664,2546
1539231408934386,10582,1653,2553
1539231408957432,10583,1715,2572
1539231408980264,10584,2574,2997
1539231409006061,10585,8546,4567
1539231409035169,10586,1721,2672
1539231409058529,10587,1653,2545
1539231409081427,10588,1722,2571
1539231409104336,10589,2575,3003
1539231409129752,10590,8440,4503
1539231409158610,10591,1648,2568
1539231409180937,10592,1664,2539
1539231409203010,10593,1714,2583
1539231409225541,10594,2584,2986
1539231409250255,10595,8560,4499
1539231409279874,10596,1657,2538
1539231409302787,10597,1651,2556
1539231409325458,10598,1722,2579
1539231409348595,10599,2586,2989
1539231409373720,10600,8420,4507
1539231409402830,10601,1645,2546
1539231409425662,10602,1657,2548
1539231409447944,10603,1783,2572
1539231409470688,10604,2592,2997
1539231409495744,10605,8457,4499
1539231409524366,10606,1658,2532
1539231409546426,10607,1648,2548
1539231409569021,10608,1734,2560
1539231409592151,10609,2594,2996
1539231409616804,10610,8398,4519
1539231409645586,10611,1643,2538
1539231409667673,10612,1650,2554
1539231409690094,10613,1714,2573
1539231409713017,10614,2567,2998
1539231409738304,10615,8437,4514
1539231409767404,10616,1810,2624
1539231409791141,10617,1657,2580
1539231409814331,10618,1717,2591
1539231409837359,10619,2565,2993
1539231409862539,10620,8429,4521
1539231409891629,10621,1646,2547
1539231409914070,10622,1657,2560
1539231409936783,10623,1730,2564
1539231409959424,10624,2581,2988
1539231409984467,10625,8572,4523
1539231410014785,10626,1641,2577
1539231410037582,10627,1899,2676
1539231410061321,10628,1729,2561
1539231410084435,10629,2567,2993
1539231410109067,10630,8469,4499
1539231410137951,10631,1647,2546
1539231410160419,10632,1766,2562
1539231410183643,10633,1714,2578
1539231410206532,10634,2574,3005
1539231410231694,10635,8441,4507
1539231410260302,10636,1653,2535
1539231410282784,10637,1652,2547
1539231410304995,10638,1734,2575
1539231410327082,10639,2570,2981
1539231410352091,10640,8454,4504
1539231410380786,10641,1661,2525
1539231410402430,10642,1656,2554
1539231410425150,10643,1739,2575
1539231410448016,10644,2583,3016
1539231410473335,10645,8423,4499
1539231410502548,10646,1649,2552
1539231410525642,10647,1654,2555
1539231410548096,10648,1729,2565
1539231410570689,10649,2563,2993
1539231410595677,10650,8473,4500
1539231410624533,10651,1656,2545
1539231410647236,10652,1649,2564
1539231410669577,10653,1712,2577
1539231410692081,10654,2583,3000
1539231410716670,10655,8693,4503
1539231410746276,10656,1651,2548
1539231410768383,10657,1850,2593
1539231410792553,10658,1836,2604
1539231410815970,10659,2592,2994
1539231410840444,10660,8467,4522
1539231410869339,10661,1675,2546
1539231410892412,10662,1674,2540
1539231410914625,10663,1718,2570
1539231410936862,10664,2601,3009
1539231410962356,10665,8449,4506
1539231410991424,10666,1640,2549
1539231411013876,10667,1650,2588
1539231411036491,10668,1881,2724
1539231411059086,10669,2576,2978
1539231411083467,10670,8503,4506
1539231411112411,10671,1658,2543
1539231411134493,10672,1649,2561
1539231411157569,10673,1713,2576
1539231411180350,10674,2590,2994
1539231411205438,10675,8398,4499
1539231411234140,10676,1642,2592
1539231411257124,10677,1667,2524
1539231411279385,10678,1712,2576
1539231411302240,10679,2559,2992
1539231411327404,10680,8409,4491
1539231411356503,10681,1657,2538
1539231411378279,10682,1659,2565
1539231411400573,10683,1733,2562
1539231411422697,10684,2561,2987
1539231411447205,10685,8552,4514
1539231411477040,10686,1665,2533
1539231411499731,10687,1657,2552
1539231411522806,10688,1716,2574
1539231411545753,10689,2559,2985
1539231411570668,10690,8422,4498
1539231411599396,10691,1643,2549
1539231411621731,10692,1653,2540
1539231411644341,10693,1725,2561
1539231411667541,10694,2586,2971
1539231411692683,10695,8494,4509
1539231411722412,10696,1694,2558
1539231411744945,10697,1676,2534
1539231411768001,10698,1771,2619
1539231411790627,10699,2597,3023
1539231411816107,10700,8422,4513
1539231411845150,10701,1659,2530
1539231411867219,10702,1648,2548
1539231411890013,10703,1719,2571
1539231411912317,10704,2579,2991
1539231411937311,10705,8470,4495
1539231411966610,10706,1639,2542
1539231411989373,10707,1685,2547
1539231412011895,10708,1746,2600
1539231412034648,10709,2548,3023
1539231412060152,10710,8432,4489
1539231412088794,10711,1664,2538
1539231412111005,10712,1649,2558
1539231412133277,10713,1728,2585
1539231412156291,10714,2584,3014
1539231412180783,10715,8552,4519
1539231412210382,10716,1777,2557
1539231412233347,10717,1690,2549
1539231412257130,10718,1728,2585
1539231412279631,10719,2576,2978
1539231412303394,10720,8447,4523
1539231412332264,10721,1656,2537
1539231412354650,10722,1650,2545
1539231412377485,10723,1713,2587
1539231412400573,10724,2600,3007
1539231412425466,10725,8486,4502
1539231412455299,10726,1643,2557
1539231412478021,10727,1653,2548
1539231412500703,10728,1741,2566
1539231412522968,10729,2585,2982
1539231412547403,10730,8380,4521
1539231412576469,10731,1673,2538
1539231412598698,10732,1655,2541
1539231412621538,10733,1718,2568
1539231412644496,10734,2574,3007
1539231412670364,10735,8419,4510
1539231412699198,10736,1642,2548
1539231412721944,10737,1786,2576
1539231412744359,10738,1728,2579
1539231412767186,10739,2803,3057
1539231412793669,10740,8670,4496
1539231412822858,10741,1641,2548
1539231412845460,10742,1648,2545
1539231412867738,10743,1727,2569
1539231412890142,10744,2557,2983
1539231412914821,10745,8546,4495
1539231412944258,10746,1674,2542
1539231412966804,10747,1652,2547
1539231412989727,10748,1721,2566
1539231413012938,10749,2586,3046
1539231413038537,10750,8665,4512
1539231413067719,10751,1645,2546
1539231413090335,10752,1652,2555
1539231413112857,10753,1727,2561
1539231413135097,10754,2583,2988
1539231413160475,10755,8592,4520
1539231413189365,10756,1659,2556
1539231413211561,10757,1654,2557
1539231413234421,10758,1718,2631
1539231413256739,10759,2590,2985
1539231413281258,10760,8401,4488
1539231413310285,10761,1644,2538
1539231413332549,10762,1671,2537
1539231413356246,10763,1727,2563
1539231413379022,10764,2567,2967
1539231413404419,10765,8460,4492
1539231413433045,10766,1660,2524
1539231413455906,10767,1692,2533
1539231413478191,10768,1716,2580
1539231413501141,10769,2572,2992
1539231413526266,10770,8429,4493
1539231413555168,10771,1647,2546
1539231413577478,10772,1647,2570
1539231413600152,10773,1738,2567
1539231413623144,10774,2574,2983
1539231413647076,10775,8492,4505
1539231413676965,10776,1667,2529
1539231413699475,10777,1652,2556
1539231413721872,10778,1719,2605
1539231413744863,10779,2579,2979
1539231413769860,10780,8779,4534
1539231413799756,10781,1660,2538
1539231413822190,10782,1654,2547
1539231413844733,10783,1732,2569
1539231413866814,10784,2571,2991
1539231413891851,10785,8461,4498
1539231413920593,10786,1659,2533
1539231413943451,10787,1652,2549
1539231413965801,10788,1714,2572
1539231413988015,10789,2593,2988
1539231414012721,10790,8458,4589
1539231414041962,10791,1642,2532
1539231414064164,10792,1665,2538
1539231414086762,10793,1717,2580
1539231414109545,10794,2556,2989
1539231414134457,10795,8455,4517
1539231414163128,10796,1682,2549
1539231414186065,10797,1652,2546
1539231414208382,10798,1733,2594
1539231414231656,10799,2569,2980
1539231414256440,10800,8408,4494
1539231414285303,10801,1662,2559
1539231414307108,10802,1650,2549
1539231414329709,10803,1711,2583
1539231414352382,10804,2579,3007
1539231414377143,10805,8566,4498
1539231414406407,10806,1646,2549
1539231414428385,10807,1679,2545
1539231414451047,10808,1732,2610
1539231414473423,10809,2560,2991
1539231414497554,10810,8415,4500
1539231414526269,10811,1644,2539
1539231414548507,10812,1678,2545
1539231414571413,10813,1713,2596
1539231414594383,10814,2585,2979
1539231414619854,10815,8420,4515
1539231414649673,10816,1641,2541
1539231414672132,10817,1697,2569
1539231414695301,10818,1719,2579
1539231414718015,10819,2553,2987
1539231414743094,10820,8407,4496
1539231414772195,10821,1693,2569
1539231414794967,10822,1659,2569
1539231414817808,10823,1722,2563
1539231414840882,10824,2573,2994
1539231414866226,10825,8446,4512
1539231414895366,10826,1648,2553
1539231414917890,10827,1656,2546
1539231414940305,10828,1728,2565
1539231414963328,10829,2572,2978
1539231414986994,10830,8433,4504
1539231415016363,10831,1665,2567
1539231415039425,10832,1742,2627
1539231415061975,10833,1719,2574
1539231415084314,10834,2595,2991
1539231415108690,10835,8522,4513
1539231415137277,10836,1670,2539
1539231415159147,10837,1650,2568
1539231415182674,10838,1713,2581
1539231415205181,10839,2595,2972
1539231415229874,10840,8535,4490
1539231415258814,10841,1644,2524
1539231415281046,10842,1663,2537
1539231415303648,10843,1712,2580
1539231415326411,10844,2557,2981
1539231415351677,10845,8445,4498
1539231415380423,10846,1656,2536
1539231415402879,10847,1657,2548
1539231415425084,10848,1722,2562
1539231415447914,10849,2577,3000
1539231415472579,10850,8440,4522
1539231415501335,10851,1670,2562
1539231415523251,10852,1652,2544
1539231415545862,10853,1722,2581
1539231415568664,10854,2726,3012
1539231415593610,10855,8509,4510
1539231415622380,10856,1649,2551
1539231415645430,10857,1650,2547
1539231415668269,10858,1730,2579
1539231415690893,10859,2564,2983
1539231415716113,10860,8427,4534
1539231415745139,10861,1658,2527
1539231415767215,10862,1698,2588
1539231415789866,10863,1786,2597
1539231415813068,10864,2592,2983
1539231415838073,10865,8636,4497
1539231415867964,10866,1655,2539
1539231415891172,10867,1651,2543
1539231415914518,10868,1723,2581
1539231415936980,10869,2577,2999
1539231415961553,10870,8417,4509
1539231415990686,10871,1641,2540
1539231416013275,10872,1669,2605
1539231416036170,10873,1938,3641
1539231416060640,10874,2598,2994
1539231416086033,10875,8445,4513
1539231416115437,10876,1643,2535
1539231416138079,10877,1651,2547
1539231416160844,10878,1735,2591
1539231416182974,10879,2592,2977
1539231416207598,10880,8507,4502
1539231416236748,10881,1665,2532
1539231416259156,10882,1657,2549
1539231416281808,10883,1721,2586
1539231416304844,10884,2579,2996
1539231416330199,10885,8395,4506
1539231416358853,10886,1642,2556
1539231416381753,10887,1652,2544
1539231416403917,10888,1735,2582
1539231416426945,10889,2560,2974
1539231416452003,10890,8499,4505
1539231416481235,10891,1659,2562
1539231416503711,10892,1656,2565
1539231416526199,10893,1715,2594
1539231416548673,10894,2596,2990
1539231416573057,10895,8551,4489
1539231416603068,10896,1648,2533
1539231416624871,10897,1678,2535
1539231416648154,10898,1730,2577
1539231416671503,10899,2578,2979
1539231416696255,10900,8435,4499
1539231416725783,10901,1699,2580
1539231416748306,10902,1664,2532
1539231416771537,10903,1713,2615
1539231416794273,10904,2600,3019
1539231416819459,10905,8400,4505
1539231416848898,10906,1665,2530
1539231416871534,10907,1649,2543
1539231416893922,10908,1710,2566
1539231416916931,10909,2585,2997
1539231416942077,10910,8384,4513
1539231416971055,10911,1643,2547
1539231416993186,10912,1681,2544
1539231417016153,10913,1725,2592
1539231417039248,10914,2702,3164
1539231417064616,10915,8412,4527
1539231417093253,10916,1670,2537
1539231417116299,10917,1678,2540
1539231417138772,10918,1716,2579
1539231417161987,10919,2684,3002
1539231417187453,10920,8410,4504
1539231417216238,10921,1660,2540
1539231417239043,10922,1650,2559
1539231417261325,10923,1736,2576
1539231417284374,10924,2584,2986
1539231417308951,10925,8558,4499
1539231417338804,10926,1643,2546
1539231417361133,10927,1672,2532
1539231417383720,10928,1730,2567
1539231417406989,10929,2586,2973
1539231417431416,10930,8440,4514
1539231417460233,10931,1668,2530
1539231417482661,10932,1648,2570
1539231417505476,10933,1719,2573
1539231417528157,10934,2593,2995
1539231417553580,10935,8471,4503
1539231417583364,10936,1640,2578
1539231417606083,10937,1657,2546
1539231417628773,10938,1720,2563
1539231417651768,10939,2572,2977
1539231417676730,10940,8408,4521
1539231417706548,10941,1645,2538
1539231417728652,10942,1744,2537
1539231417751480,10943,1714,2593
1539231417774568,10944,2569,3000
1539231417800056,10945,8576,4503
1539231417829561,10946,1646,2533
1539231417852487,10947,1670,2536
1539231417874979,10948,1709,2565
1539231417897446,10949,2556,2991
1539231417922161,10950,8422,4511
1539231417951094,10951,1639,2561
1539231417972870,10952,1684,2543
1539231417995218,10953,1708,2584
1539231418018394,10954,2575,3035
1539231418042380,10955,8808,4504
1539231418072112,10956,1656,2537
1539231418094972,10957,1661,2557
1539231418118580,10958,1722,2579
1539231418141447,10959,2573,2974
1539231418166190,10960,8460,4496
1539231418194812,10961,1647,2547
1539231418217206,10962,1677,2567
1539231418240765,10963,1743,2567
1539231418262895,10964,2595,2993
1539231418287934,10965,8454,4508
1539231418316646,10966,1669,2533
1539231418339417,10967,1662,2545
1539231418362428,10968,1723,2579
1539231418385032,10969,2576,3005
1539231418410059,10970,8466,4511
1539231418439620,10971,1635,2551
1539231418462022,10972,1649,2561
1539231418484711,10973,1741,2564
1539231418507740,10974,2568,2977
1539231418533047,10975,8435,4507
1539231418562246,10976,1640,2537
1539231418584998,10977,1681,2537
1539231418607808,10978,1729,2578
1539231418630644,10979,2550,3010
1539231418655843,10980,8428,4501
1539231418684704,10981,1666,2528
1539231418707330,10982,1659,2560
1539231418730190,10983,1732,2572
1539231418753197,10984,2596,2990
1539231418778354,10985,8748,4516
1539231418807964,10986,1657,2534
1539231418830689,10987,1655,2563
1539231418853469,10988,1715,2579
1539231418876661,10989,2573,2989
1539231418901192,10990,8445,4480
1539231418930215,10991,1642,2546
1539231418952697,10992,1670,2538
1539231418975747,10993,1737,2565
1539231418997916,10994,2563,3059
1539231419023056,10995,8506,4601
1539231419053230,10996,1671,2551
1539231419075575,10997,1650,2540
1539231419098133,10998,1719,2574
1539231419120269,10999,2578,2981
1539231419144927,11000,8406,4524
1539231419173820,11001,1642,2557
1539231419195883,11002,1667,2535
1539231419218825,11003,1718,2573
1539231419242199,11004,2576,2988
1539231419267336,11005,8523,4496
1539231419296135,11006,1659,2532
1539231419318974,11007,1650,2558
1539231419342050,11008,1717,2612
1539231419365159,11009,2586,2999
1539231419390070,11010,8483,4499
1539231419419010,11011,1637,2545
1539231419441056,11012,1669,2532
1539231419463293,11013,1714,2570
1539231419486307,11014,2568,2977
1539231419510093,11015,8522,4504
1539231419539436,11016,1649,2548
1539231419561541,11017,1660,2548
1539231419584777,11018,1724,2565
1539231419607565,11019,2596,2982
1539231419632133,11020,8478,4489
1539231419660858,11021,1656,2528
1539231419683459,11022,1712,2550
1539231419706197,11023,1720,2578
1539231419728708,11024,2692,3024
1539231419754344,11025,8463,4579
1539231419783711,11026,1643,2587
1539231419806542,11027,1649,2561
1539231419828776,11028,1842,2563
1539231419851290,11029,2576,2972
1539231419876353,11030,8519,4488
1539231419905196,11031,1659,2523
1539231419927345,11032,1650,2555
1539231419950394,11033,1719,2572
1539231419973300,11034,2582,2981
1539231419998544,11035,8460,4995
1539231420028501,11036,1669,2571
1539231420051832,11037,1669,2539
1539231420074323,11038,1721,2574
1539231420097510,11039,2565,2985
1539231420122516,11040,8451,4500
1539231420151667,11041,1638,2550
1539231420174000,11042,1662,2546
1539231420196108,11043,1727,2573
1539231420218736,11044,2580,2985
1539231420242332,11045,8576,4494
1539231420271217,11046,1638,2546
1539231420294220,11047,1654,2553
1539231420317363,11048,1734,2575
1539231420340389,11049,2584,2984
1539231420364829,11050,8424,4509
1539231420393584,11051,1651,2545
1539231420416173,11052,1681,2528
1539231420439048,11053,1716,2575
1539231420461502,11054,2578,2989
1539231420485784,11055,8470,4508
1539231420515219,11056,1641,2557
1539231420537101,11057,1681,2533
1539231420559963,11058,1725,2561
1539231420582401,11059,2561,2982
1539231420607343,11060,8384,4494
1539231420636139,11061,1659,2527
1539231420657822,11062,1653,2552
1539231420679878,11063,1736,2566
1539231420702096,11064,2554,3000
1539231420726975,11065,8652,4506
1539231420755812,11066,1671,2533
1539231420779239,11067,1651,2560
1539231420801827,11068,1711,2598
1539231420824640,11069,2579,2998
1539231420849572,11070,8472,4507
1539231420878808,11071,1640,2560
1539231420901303,11072,1677,2550
1539231420923770,11073,1731,2559
1539231420946910,11074,2577,2986
1539231420970364,11075,8516,4499
1539231421000421,11076,1658,2577
1539231421023569,11077,1816,2654
1539231421047695,11078,1743,2576
1539231421070739,11079,2565,2986
1539231421095224,11080,8410,4490
1539231421123986,11081,1658,2545
1539231421146180,11082,1656,2562
1539231421169206,11083,1729,2564
1539231421191349,11084,2573,2984
1539231421216479,11085,8427,4532
1539231421245465,11086,1639,2540
1539231421267886,11087,1667,2536
1539231421290086,11088,1714,2566
1539231421312874,11089,2572,3002
1539231421337540,11090,8524,4531
1539231421366726,11091,1640,2535
1539231421388800,11092,1673,2541
1539231421411287,11093,1720,2561
1539231421434215,11094,2552,2988
1539231421459247,11095,8393,4504
1539231421488123,11096,1663,2539
1539231421510731,11097,1654,2563
1539231421533787,11098,1717,2574
1539231421556495,11099,2585,2999
1539231421581901,11100,8517,4488
1539231421610668,11101,1637,2549
1539231421632877,11102,1666,2530
1539231421655224,11103,1714,2569
1539231421677925,11104,2573,2984
1539231421701819,11105,8568,4486
1539231421731699,11106,1760,2555
1539231421754824,11107,1651,2550
1539231421777725,11108,1854,2577
1539231421801433,11109,2645,2991
1539231421826118,11110,8399,4506
1539231421854636,11111,1641,2549
1539231421877257,11112,1672,2559
1539231421900399,11113,1738,2558
1539231421922974,11114,2599,2975
1539231421948108,11115,8452,4487
1539231421976776,11116,1655,2527
1539231421999048,11117,1651,2603
1539231422021337,11118,1729,2606
1539231422044085,11119,2710,3016
1539231422069342,11120,8500,4502
1539231422098227,11121,1643,2541
1539231422120291,11122,1665,2548
1539231422143020,11123,1714,2584
1539231422166548,11124,2552,2974
1539231422191790,11125,8433,4501
1539231422220665,11126,1659,2534
1539231422243045,11127,1661,2547
1539231422266495,11128,1718,2573
1539231422288755,11129,2567,3003
1539231422313834,11130,8447,4508
1539231422342860,11131,1642,2555
1539231422365378,11132,1675,2556
1539231422387985,11133,1730,2568
1539231422410353,11134,2574,2981
1539231422433962,11135,8547,4493
1539231422464202,11136,1657,2534
1539231422486304,11137,1653,2538
1539231422509601,11138,1717,2588
1539231422531842,11139,2594,2999
1539231422556722,11140,8432,4514
1539231422585438,11141,1641,2553
1539231422607928,11142,1663,2540
1539231422631026,11143,1716,2569
1539231422653487,11144,2590,2986
1539231422678482,11145,8395,4495
1539231422707961,11146,1659,2531
1539231422730343,11147,1649,2564
1539231422753782,11148,1711,2575
1539231422777188,11149,2730,3000
1539231422802118,11150,8420,4501
1539231422831095,11151,1640,2536
1539231422853193,11152,1664,2571
1539231422876369,11153,1739,2571
1539231422898689,11154,2572,2999
1539231422923980,11155,8456,4505
1539231422952700,11156,1669,2533
1539231422975879,11157,1672,2538
1539231422998000,11158,1718,2619
1539231423021110,11159,2553,3051
1539231423046853,11160,8453,4509
1539231423075929,11161,1669,2542
1539231423098145,11162,1659,2569
1539231423120449,11163,1729,2570
1539231423142683,11164,2563,2990
1539231423167568,11165,8539,4499
1539231423196447,11166,1658,2541
1539231423218801,11167,1654,2556
1539231423242170,11168,1717,2577
1539231423265273,11169,2563,2990
1539231423289804,11170,8433,4498
1539231423318612,11171,1640,2542
1539231423341035,11172,1665,2548
1539231423364404,11173,1729,2580
1539231423386968,11174,2596,2984
1539231423412308,11175,8437,4506
1539231423442143,11176,1642,2545
1539231423464485,11177,1666,2538
1539231423487259,11178,1717,2579
1539231423510007,11179,2559,2987
1539231423534714,11180,8440,4488
1539231423563487,11181,1642,2541
1539231423586027,11182,1657,2552
1539231423609092,11183,1728,2567
1539231423631180,11184,2575,2984
1539231423656409,11185,8434,4500
1539231423685255,11186,1656,2543
1539231423708131,11187,1676,2556
1539231423730464,11188,1720,2577
1539231423753358,11189,2562,2981
1539231423779386,11190,8708,4517
1539231423809366,11191,1657,2559
1539231423831982,11192,1688,2575
1539231423854280,11193,1715,2581
1539231423877538,11194,2728,3002
1539231423902483,11195,8537,4494
1539231423931980,11196,1656,2527
1539231423954510,11197,1666,2543
1539231423976999,11198,1728,2568
1539231424000165,11199,2587,3034
1539231424025130,11200,8470,4635
1539231424054176,11201,1641,2539
1539231424076035,11202,1671,2539
1539231424098316,11203,1718,2574
1539231424121276,11204,2591,2992
1539231424146661,11205,8445,4498
1539231424176768,11206,1697,2542
1539231424199192,11207,1659,2549
1539231424222085,11208,1720,2597
1539231424244426,11209,2594,2994
1539231424269395,11210,8435,4498
1539231424298333,11211,1638,2546
1539231424320198,11212,1677,2539
1539231424342704,11213,1717,2572
1539231424365751,11214,2555,2986
1539231424390913,11215,8409,4504
1539231424419474,11216,1647,2544
1539231424442226,11217,1651,2552
1539231424465410,11218,1713,2579
1539231424488222,11219,2591,2984
1539231424513448,11220,8432,4485
1539231424542568,11221,1640,2540
1539231424565382,11222,1666,2562
1539231424587957,11223,1732,2571
1539231424610261,11224,2577,2984
1539231424633850,11225,8545,4505
1539231424663869,11226,1660,2525
1539231424686528,11227,1656,2553
1539231424708562,11228,1729,2561
1539231424731024,11229,2600,2998
1539231424756361,11230,8455,4608
1539231424786029,11231,1725,2556
1539231424808914,11232,1677,2539
1539231424831384,11233,1724,2584
1539231424854380,11234,2569,2986
1539231424879272,11235,8468,4498
1539231424909285,11236,1655,2555
1539231424931672,11237,1657,2559
1539231424953984,11238,1726,2582
1539231424976093,11239,2598,3008
1539231425001224,11240,8697,4598
1539231425030421,11241,1641,2585
1539231425053643,11242,1649,2541
1539231425076731,11243,1733,2567
1539231425099732,11244,2598,2982
1539231425125127,11245,8449,4521
1539231425153946,11246,1803,2552
1539231425177250,11247,1682,2557
1539231425200534,11248,1735,2573
1539231425223079,11249,2563,2985
1539231425248718,11250,8395,4511
1539231425277481,11251,1646,2549
1539231425299772,11252,1664,2538
1539231425322410,11253,1719,2574
1539231425345662,11254,2693,2989
1539231425369711,11255,8567,4484
1539231425399134,11256,1649,2550
1539231425421457,11257,1653,2557
1539231425444556,11258,1733,2559
1539231425467604,11259,2579,2969
1539231425491746,11260,8449,4506
1539231425520558,11261,1655,2537
1539231425542839,11262,1660,2554
1539231425565644,11263,1711,2577
1539231425588351,11264,2591,3017
1539231425613436,11265,8447,4499
1539231425643095,11266,1645,2544
1539231425665463,11267,1651,2565
1539231425688141,11268,1725,2569
1539231425710305,11269,2564,2976
1539231425734807,11270,8545,4497
1539231425763961,11271,1654,2611
1539231425786736,11272,1658,2556
1539231425809756,11273,1715,2573
1539231425832778,11274,2577,3000
1539231425857827,11275,8402,4495
1539231425887074,11276,1646,2562
1539231425909105,11277,1676,2543
1539231425931596,11278,1712,2573
1539231425954498,11279,2542,2990
1539231425979572,11280,8443,4492
1539231426008689,11281,1654,2580
1539231426031155,11282,1648,2586
1539231426053820,11283,1713,2579
1539231426076499,11284,2578,3003
1539231426100194,11285,8580,4488
1539231426130274,11286,1642,2543
1539231426152403,11287,1682,2544
1539231426175443,11288,1716,2572
1539231426198556,11289,2565,2986
1539231426222869,11290,8457,4508
1539231426251713,11291,1645,2548
1539231426273841,11292,1650,2574
1539231426296517,11293,1735,2568
1539231426318510,11294,2577,3002
1539231426343569,11295,8467,4501
1539231426373150,11296,1661,2531
1539231426395825,11297,1676,2537
1539231426418277,11298,1722,2572
1539231426441151,11299,2581,2982
1539231426466085,11300,8410,4494
1539231426494816,11301,1639,2542
1539231426516856,11302,1678,2535
1539231426539432,11303,1714,2568
1539231426562320,11304,2557,2982
1539231426587397,11305,8429,4508
1539231426616254,11306,1651,2531
1539231426638548,11307,1656,2559
1539231426661044,11308,1728,2572
1539231426684089,11309,2568,3005
1539231426709220,11310,8430,4502
1539231426737869,11311,1772,2572
1539231426759970,11312,1674,2544
1539231426782904,11313,1716,2609
1539231426805565,11314,2585,2984
1539231426830373,11315,8563,4491
1539231426859259,11316,1650,2548
1539231426881845,11317,1650,2553
1539231426904701,11318,1733,2559
1539231426927520,11319,2587,2976
1539231426951189,11320,8435,4517
1539231426979860,11321,1665,2530
1539231427002371,11322,1651,2585
1539231427025653,11323,1714,2617
1539231427048139,11324,2583,3016
1539231427073350,11325,8463,4496
1539231427102054,11326,1642,2544
1539231427124368,11327,1677,2541
1539231427147107,11328,1719,2593
1539231427170181,11329,2561,2987
1539231427194385,11330,8428,4511
1539231427223456,11331,1646,2544
1539231427245661,11332,1650,2546
1539231427268694,11333,1725,2561
1539231427291961,11334,2589,2994
1539231427317852,11335,8400,4494
1539231427346898,11336,1728,2540
1539231427370054,11337,1651,2546
1539231427392714,11338,1729,2569
1539231427415536,11339,2567,2979
1539231427440765,11340,8436,4501
1539231427469803,11341,1641,2549
1539231427491934,11342,1667,2547
1539231427514333,11343,1712,2577
1539231427537174,11344,2599,2992
1539231427561783,11345,8555,4503
1539231427590966,11346,1640,2547
1539231427613565,11347,1655,2557
1539231427636681,11348,1739,2572
1539231427659766,11349,2590,2973
1539231427683806,11350,8420,4506
1539231427712501,11351,1667,2531
1539231427735256,11352,1648,2556
1539231427757864,11353,1715,2589
1539231427781499,11354,2701,3056
1539231427807685,11355,8465,4432
1539231427837640,11356,1646,2570
1539231427860246,11357,1677,2544
1539231427883386,11358,1714,2582
1539231427905626,11359,2561,2987
1539231427930065,11360,8412,4508
1539231427959606,11361,1641,2543
1539231427981501,11362,1656,2539
1539231428004335,11363,1734,2601
1539231428026673,11364,2561,3054
1539231428051970,11365,8436,4510
1539231428081003,11366,1673,2536
1539231428103994,11367,1668,2547
1539231428126283,11368,1726,2592
1539231428149476,11369,2557,2988
1539231428174786,11370,8396,4500
1539231428203549,11371,1642,2543
1539231428226104,11372,1654,2551
1539231428248493,11373,1729,2569
1539231428270732,11374,2565,3022
1539231428295269,11375,8548,4491
1539231428324867,11376,1657,2528
1539231428347817,11377,1678,2531
1539231428371252,11378,1719,2573
1539231428394072,11379,2572,2983
1539231428419125,11380,8431,4507
1539231428447846,11381,1655,2541
1539231428470945,11382,1658,2549
1539231428493741,11383,1722,2574
1539231428516715,11384,2588,3002
1539231428541817,11385,8435,4506
1539231428571372,11386,1647,2552
1539231428593727,11387,1650,2530
1539231428616608,11388,1738,2560
1539231428638640,11389,2564,2982
1539231428663716,11390,8412,4488
1539231428692634,11391,1656,2535
1539231428714999,11392,1654,2553
1539231428737945,11393,1721,2612
1539231428760503,11394,2584,2999
1539231428786282,11395,8645,4514
1539231428815304,11396,1637,2545
1539231428837896,11397,1656,2548
1539231428860318,11398,1741,2573
1539231428883152,11399,2565,2980
1539231428908381,11400,8444,4502
1539231428937722,11401,1640,2567
1539231428960337,11402,1681,2549
1539231428982887,11403,1712,2572
1539231429005113,11404,2578,3030
1539231429029895,11405,8792,4623
1539231429060428,11406,1665,2537
1539231429082380,11407,1652,2540
1539231429105560,11408,1724,2574
1539231429128615,11409,2591,3000
1539231429153585,11410,8617,4524
1539231429183356,11411,1643,2551
1539231429205749,11412,1652,2551
1539231429228375,11413,1728,2570
1539231429251126,11414,2593,2965
1539231429276343,11415,8462,4495
1539231429305735,11416,1644,2558
1539231429328536,11417,1680,2530
1539231429351739,11418,1733,2565
1539231429373938,11419,2551,2985
1539231429398945,11420,8365,4488
1539231429427999,11421,1660,2534
1539231429449960,11422,1650,2558
1539231429472639,11423,1741,2565
1539231429495748,11424,2590,2973
1539231429521081,11425,8570,4504
1539231429549855,11426,1640,2567
1539231429572633,11427,1667,2531
1539231429595155,11428,1716,2590
1539231429617916,11429,2543,2980
1539231429643023,11430,8423,4556
1539231429672180,11431,1658,2536
1539231429694344,11432,1649,2551
1539231429716776,11433,1730,2565
1539231429739131,11434,2585,3016
1539231429763332,11435,8983,4535
1539231429794128,11436,1682,2561
1539231429817218,11437,1672,2560
1539231429840118,11438,1731,2564
1539231429863149,11439,2583,2973
1539231429888059,11440,8458,4500
1539231429916890,11441,1767,2549
1539231429939766,11442,1667,2561
1539231429961953,11443,1725,2591
1539231429984002,11444,2611,2998
1539231430009341,11445,8499,4567
1539231430038476,11446,1741,2634
1539231430060419,11447,1679,2543
1539231430083720,11448,1748,2562
1539231430106437,11449,2561,2994
1539231430131404,11450,8421,4490
1539231430160113,11451,1686,2558
1539231430182227,11452,1661,2537
1539231430205199,11453,1733,2588
1539231430228050,11454,2573,3004
1539231430253312,11455,8405,4513
1539231430281924,11456,1652,2553
1539231430304804,11457,1681,2539
1539231430327535,11458,1811,2576
1539231430350461,11459,2554,3002
1539231430375820,11460,8433,4494
1539231430404798,11461,1657,2539
1539231430426736,11462,1649,2553
1539231430449195,11463,1744,2573
1539231430472471,11464,2606,3002
1539231430496910,11465,8480,4520
1539231430527101,11466,1643,2541
1539231430549343,11467,1671,2555
1539231430572512,11468,1745,2567
1539231430595489,11469,2577,2978
1539231430620008,11470,8418,4499
1539231430648798,11471,1655,2530
1539231430671082,11472,1655,2573
1539231430693817,11473,1714,2571
1539231430716829,11474,2597,3010
1539231430741968,11475,8588,4509
1539231430771263,11476,1740,2600
1539231430794682,11477,1663,2568
1539231430817871,11478,1711,2585
1539231430840637,11479,2571,3020
1539231430865280,11480,8463,4516
1539231430894302,11481,1642,2561
1539231430916305,11482,1679,2546
1539231430939210,11483,1718,2564
1539231430962209,11484,2556,2968
1539231430987255,11485,8443,4487
1539231431016098,11486,1662,2560
1539231431039288,11487,1720,2707
1539231431062166,11488,1724,2589
1539231431085088,11489,2566,3003
1539231431110289,11490,8481,4499
1539231431139271,11491,1639,2544
1539231431161705,11492,1649,2554
1539231431184148,11493,1727,2571
1539231431206470,11494,2562,2977
1539231431231077,11495,8562,4542
1539231431260896,11496,1663,2528
1539231431283663,11497,1651,2570
1539231431306946,11498,1719,2577
1539231431330016,11499,2567,2980
1539231431354629,11500,8428,4496
1539231431383959,11501,1654,2548
1539231431406438,11502,1647,2551
1539231431429528,11503,1713,2581
1539231431451940,11504,2591,3009
1539231431477636,11505,8457,4507
1539231431507529,11506,1642,2551
1539231431529976,11507,1653,2549
1539231431552390,11508,1725,2568
1539231431575197,11509,2580,2972
1539231431600029,11510,8413,4495
1539231431628812,11511,1662,2539
1539231431650967,11512,1648,2541
1539231431673658,11513,1718,2578
1539231431696662,11514,2577,3004
1539231431721766,11515,8563,4514
1539231431751186,11516,1654,2549
1539231431774608,11517,1656,2566
1539231431797167,11518,1832,2574
1539231431819686,11519,2584,2983
1539231431844925,11520,8440,4512
1539231431873668,11521,1640,2566
1539231431896596,11522,1664,2540
1539231431919213,11523,1712,2600
1539231431942018,11524,2570,2991
1539231431966807,11525,8491,4508
1539231431996002,11526,1658,2524
1539231432018788,11527,1654,2594
1539231432042740,11528,1785,2662
1539231432065875,11529,2578,2980
1539231432090716,11530,8466,4492
1539231432119738,11531,1638,2542
1539231432142214,11532,1659,2542
1539231432164569,11533,1724,2583
1539231432187108,11534,2592,2975
1539231432212576,11535,8552,4517
1539231432241506,11536,1640,2596
1539231432264018,11537,1681,2548
1539231432286695,11538,1720,2571
1539231432309478,11539,2561,2985
1539231432334250,11540,8438,4496
1539231432363480,11541,1636,2543
1539231432385893,11542,1645,2550
1539231432408906,11543,1730,2566
1539231432431826,11544,2568,2983
1539231432456384,11545,8415,4499
1539231432485342,11546,1675,2551
1539231432508057,11547,1663,2551
1539231432531172,11548,1717,2578
1539231432553884,11549,2559,2982
1539231432579502,11550,8393,4501
1539231432608330,11551,1667,2532
1539231432630757,11552,1657,2556
1539231432653255,11553,1731,2581
1539231432675608,11554,2573,2975
1539231432699966,11555,8553,4501
1539231432730003,11556,1641,2544
1539231432752026,11557,1672,2533
1539231432775296,11558,1718,2590
1539231432798006,11559,2593,3002
1539231432822792,11560,8421,4510
1539231432852074,11561,1654,2536
1539231432874668,11562,1654,2554
1539231432897275,11563,1741,2595
1539231432919745,11564,2588,2973
1539231432944660,11565,8440,4524
1539231432974044,11566,1646,2534
1539231432996483,11567,1665,2546
1539231433019435,11568,1716,2604
1539231433041842,11569,2750,3098
1539231433066917,11570,8411,4504
1539231433096001,11571,1655,2533
1539231433118163,11572,1654,2541
1539231433140889,11573,1734,2559
1539231433163837,11574,2580,3026
1539231433188859,11575,8556,4499
1539231433217644,11576,1644,2540
1539231433240424,11577,1743,2550
1539231433263091,11578,1725,2588
1539231433285964,11579,2548,2983
1539231433311393,11580,8419,4493
1539231433340692,11581,1671,2535
1539231433363370,11582,1656,2556
1539231433385476,11583,1712,2559
1539231433407660,11584,2591,2977
1539231433432239,11585,8587,4490
1539231433462071,11586,1642,2560
1539231433483834,11587,1678,2538
1539231433507265,11588,1721,2585
1539231433530317,11589,2556,2974
1539231433554190,11590,8441,4504
1539231433583364,11591,1641,2564
1539231433606206,11592,1656,2553
1539231433628695,11593,1727,2571
1539231433651608,11594,2601,2987
1539231433676724,11595,8465,4520
1539231433706858,11596,1639,2539
1539231433729447,11597,1649,2567
1539231433752010,11598,1729,2563
1539231433775531,11599,2666,3032
1539231433801592,11600,8633,4542
1539231433830895,11601,1639,2561
1539231433853084,11602,1678,2529
1539231433875406,11603,1712,2577
1539231433897745,11604,2563,2990
1539231433922736,11605,8400,4496
1539231433951369,11606,1643,2545
1539231433974280,11607,1654,2547
1539231433996646,11608,1732,2578
1539231434019726,11609,2590,3011
1539231434045157,11610,8523,4508
1539231434074207,11611,1645,2555
1539231434096127,11612,1677,2540
1539231434118440,11613,1710,2581
1539231434140772,11614,2599,3005
1539231434165773,11615,8661,4497
1539231434195842,11616,1663,2536
1539231434218576,11617,1653,2539
1539231434241893,11618,1716,2593
1539231434265221,11619,2574,3010
1539231434290230,11620,8478,4504
1539231434319366,11621,1642,2546
1539231434341475,11622,1647,2538
1539231434364423,11623,1730,2568
1539231434386557,11624,2576,2990
1539231434411646,11625,8433,4515
1539231434440818,11626,1660,2532
1539231434463103,11627,1650,2561
1539231434485935,11628,1714,2577
1539231434508851,11629,2584,2990
1539231434533867,11630,8388,4502
1539231434563307,11631,1642,2554
1539231434585263,11632,1672,2543
1539231434608195,11633,1728,2571
1539231434630542,11634,2560,2996
1539231434655922,11635,8495,4490
1539231434685230,11636,1657,2572
1539231434707808,11637,1668,2539
1539231434730250,11638,1712,2569
1539231434753364,11639,2577,2996
1539231434779232,11640,8691,4533
1539231434808893,11641,1666,2541
1539231434830873,11642,1770,2554
1539231434853654,11643,1710,2575
1539231434875961,11644,2583,3010
1539231434899705,11645,8550,4494
1539231434929672,11646,1645,2551
1539231434951673,11647,1661,2561
1539231434975420,11648,1714,2580
1539231434998425,11649,2574,3045
1539231435022360,11650,8489,4569
1539231435051691,11651,1646,2555
1539231435073843,11652,1657,2553
1539231435096766,11653,1733,2563
1539231435119568,11654,2595,2981
1539231435144637,11655,8457,4557
1539231435174896,11656,1645,2547
1539231435197230,11657,1666,2562
1539231435219526,11658,1713,2564
1539231435242442,11659,2560,2990
1539231435267636,11660,8432,4510
1539231435297156,11661,1654,2536
1539231435319328,11662,1654,2567
1539231435342134,11663,1720,2584
1539231435365348,11664,2586,2992
1539231435390395,11665,8425,4497
1539231435419464,11666,1645,2557
1539231435442403,11667,1648,2553
1539231435465421,11668,1713,2573
1539231435488300,11669,2561,2990
1539231435513367,11670,8410,4510
1539231435541901,11671,1640,2546
1539231435564382,11672,1664,2544
1539231435587166,11673,1714,2584
1539231435609568,11674,2583,2991
1539231435634198,11675,8597,4491
1539231435663678,11676,1643,2539
1539231435686686,11677,1659,2548
1539231435709793,11678,1716,2583
1539231435732604,11679,2582,2999
1539231435757587,11680,8446,4629
1539231435787712,11681,1651,2595
1539231435810572,11682,1694,2551
1539231435833752,11683,1844,2586
1539231435857100,11684,2585,2992
1539231435882420,11685,8425,4514
1539231435912069,11686,1669,2526
1539231435934642,11687,1650,2543
1539231435957272,11688,1730,2595
1539231435979517,11689,2591,2973
1539231436003935,11690,8566,4566
1539231436032919,11691,1655,2614
1539231436055670,11692,1650,2571
1539231436078288,11693,1710,2565
1539231436101316,11694,2580,2982
1539231436126586,11695,8422,4496
1539231436155597,11696,1642,2546
1539231436178677,11697,1653,2555
1539231436201073,11698,1732,2563
1539231436223791,11699,2580,2981
1539231436248746,11700,8578,4520
1539231436277431,11701,1643,2541
1539231436299380,11702,1651,2566
1539231436322048,11703,1711,2581
1539231436344284,11704,2594,2987
1539231436369341,11705,8618,4508
1539231436399401,11706,1642,2551
1539231436421330,11707,1676,2544
1539231436444795,11708,1735,2562
1539231436467917,11709,2702,2998
1539231436493235,11710,8443,4508
1539231436522363,11711,1640,2554
1539231436544984,11712,1668,2544
1539231436567569,11713,1719,2647
1539231436589930,11714,2575,2988
1539231436614914,11715,8461,4535
1539231436644267,11716,1661,2534
1539231436667027,11717,1656,2543
1539231436689876,11718,1726,2577
1539231436712869,11719,2583,2993
1539231436737896,11720,8382,4526
1539231436767273,11721,1699,2603
1539231436789839,11722,1749,2563
1539231436813237,11723,1731,2573
1539231436835738,11724,2574,2974
1539231436861029,11725,8429,4505
1539231436890339,11726,1650,2541
1539231436913555,11727,1654,2565
1539231436936291,11728,1726,2565
1539231436959067,11729,2568,2983
1539231436984217,11730,8448,4512
1539231437013667,11731,1635,2583
1539231437036170,11732,1676,2572
1539231437059257,11733,1718,2568
1539231437081548,11734,2578,2993
1539231437106137,11735,8524,4497
1539231437136014,11736,1671,2546
1539231437159098,11737,1657,2545
1539231437182151,11738,1711,2578
1539231437204944,11739,2595,2987
1539231437229669,11740,8418,4513
1539231437258575,11741,1638,2551
1539231437280621,11742,1670,2531
1539231437303568,11743,1718,2574
1539231437326548,11744,2577,2992
1539231437351868,11745,8443,4488
1539231437381522,11746,1643,2545
1539231437403868,11747,1679,2540
1539231437426789,11748,1721,2589
1539231437448880,11749,2572,2981
1539231437473917,11750,8416,4494
1539231437503075,11751,1645,2542
1539231437524917,11752,1677,2537
1539231437547846,11753,1743,2577
1539231437570249,11754,2548,2974
1539231437595763,11755,8414,4494
1539231437624458,11756,1654,2529
1539231437647091,11757,1651,2555
1539231437669907,11758,1714,2577
1539231437692737,11759,2555,3030
1539231437717766,11760,8438,4487
1539231437746605,11761,1640,2544
1539231437769180,11762,1805,2615
1539231437791958,11763,1746,2602
1539231437815394,11764,2621,2986
1539231437839906,11765,8531,4505
1539231437868764,11766,1673,2536
1539231437891398,11767,1652,2563
1539231437914339,11768,1720,2573
1539231437936714,11769,2574,2991
1539231437961642,11770,8434,4493
1539231437990385,11771,1636,2544
1539231438012908,11772,1679,2563
1539231438035627,11773,1720,2610
1539231438059104,11774,2578,2977
1539231438084545,11775,8432,4525
1539231438114684,11776,1644,2547
1539231438137119,11777,1666,2536
1539231438160418,11778,1799,2590
1539231438182825,11779,2568,2984
1539231438207920,11780,8534,4505
1539231438236974,11781,1667,2534
1539231438259438,11782,1652,2540
1539231438281947,11783,1711,2585
1539231438304982,11784,2590,2993
1539231438330051,11785,8419,4493
1539231438359139,11786,1645,2539
1539231438381377,11787,1679,2561
1539231438403646,11788,1712,2595
1539231438426408,11789,2554,2983
1539231438451223,11790,8540,4502
1539231438480209,11791,1655,2541
1539231438502210,11792,1656,2553
1539231438524698,11793,1727,2581
1539231438547032,11794,2577,2971
1539231438570903,11795,8566,4513
1539231438601024,11796,1671,2542
1539231438623029,11797,1653,2568
1539231438645933,11798,1722,2578
1539231438668995,11799,2569,3027
1539231438694343,11800,8426,4510
1539231438723298,11801,1642,2551
1539231438745743,11802,1654,2545
1539231438768842,11803,1838,2613
1539231438791860,11804,2670,3106
1539231438817690,11805,8440,4507
1539231438847560,11806,1643,2552
1539231438869901,11807,1650,2547
1539231438892270,11808,1729,2566
1539231438915086,11809,2568,2978
1539231438940224,11810,8470,4490
1539231438970147,11811,1654,2567
1539231438992209,11812,1681,2555
1539231439015142,11813,1717,2635
1539231439037995,11814,4267,3186
1539231439065130,11815,8443,4504
1539231439094374,11816,1650,2543
1539231439116753,11817,1670,2543
1539231439139270,11818,1718,2572
1539231439162277,11819,2564,2975
1539231439187478,11820,8457,4494
1539231439216366,11821,1650,2536
1539231439238908,11822,1718,2575
1539231439261490,11823,1713,2579
1539231439284760,11824,2597,2997
1539231439309275,11825,8570,4500
1539231439338254,11826,1641,2557
1539231439360781,11827,1668,2547
1539231439384204,11828,1739,2576
1539231439407204,11829,2610,2980
1539231439431735,11830,8416,4515
1539231439460527,11831,1665,2536
1539231439482860,11832,1658,2548
1539231439505581,11833,1711,2573
1539231439527636,11834,2592,2978
1539231439553034,11835,8437,4511
1539231439582633,11836,1644,2542
1539231439605640,11837,1661,2550
1539231439628259,11838,1744,2565
1539231439650241,11839,2566,2985
1539231439674969,11840,8430,4492
1539231439703569,11841,1645,2539
1539231439725579,11842,1650,2544
1539231439748870,11843,1739,2563
1539231439772401,11844,2777,3041
1539231439799240,11845,8632,4512
1539231439828159,11846,1705,2582
1539231439850837,11847,1658,2551
1539231439873746,11848,1720,2582
1539231439896147,11849,2594,3001
1539231439921479,11850,8445,4491
1539231439950536,11851,1636,2556
1539231439972934,11852,1670,2533
1539231439995284,11853,1712,2568
1539231440017848,11854,2585,3039
1539231440042517,11855,9822,4502
1539231440073827,11856,1655,2547
1539231440096634,11857,1671,2546
1539231440119026,11858,1712,2558
1539231440142021,11859,2556,2984
1539231440166655,11860,8542,4531
1539231440195566,11861,1645,2536
1539231440217942,11862,1653,2537
1539231440240824,11863,1726,2559
1539231440263074,11864,2579,2980
1539231440288150,11865,8462,4500
1539231440317801,11866,1640,2542
1539231440340442,11867,1670,2541
1539231440363305,11868,1715,2565
1539231440386064,11869,2560,2975
1539231440410894,11870,8393,4502
1539231440439727,11871,1640,2557
1539231440462215,11872,1647,2551
1539231440485053,11873,1745,2572
1539231440507884,11874,2561,2991
1539231440533227,11875,8451,4493
1539231440562335,11876,1724,2551
1539231440585470,11877,1664,2559
1539231440608427,11878,1738,2564
1539231440630523,11879,2542,3001
1539231440655982,11880,8505,4499
1539231440684659,11881,1655,2539
1539231440707037,11882,1655,2564
1539231440729388,11883,1740,2585
1539231440752644,11884,2647,3020
1539231440777301,11885,8653,4526
1539231440807153,11886,1645,2569
1539231440830228,11887,1656,2553
1539231440853385,11888,1732,2577
1539231440876442,11889,2595,3000
1539231440901175,11890,8454,4485
1539231440930013,11891,1640,2542
1539231440952210,11892,1666,2548
1539231440974637,11893,1734,2586
1539231440996773,11894,2599,3047
1539231441021564,11895,8467,4576
1539231441052165,11896,1651,2544
1539231441074809,11897,1659,2559
1539231441097238,11898,1741,2582
1539231441120066,11899,2592,2985
1539231441144871,11900,8423,4551
1539231441174228,11901,1642,2542
1539231441196359,11902,1668,2551
1539231441219233,11903,1716,2572
1539231441242221,11904,2551,2978
1539231441267354,11905,8451,4507
1539231441296017,11906,1672,2531
1539231441318965,11907,1649,2547
1539231441342037,11908,1721,2576
1539231441365112,11909,2582,2987
1539231441389011,11910,8491,4482
1539231441418031,11911,1637,2533
1539231441440014,11912,1676,2531
1539231441462252,11913,1713,2577
1539231441484729,11914,2597,3001
1539231441509319,11915,8556,4486
1539231441539229,11916,1642,2540
1539231441561790,11917,1652,2546
1539231441585153,11918,1859,2579
1539231441608387,11919,2583,2984
1539231441633078,11920,8414,4501
1539231441661771,11921,1646,2534
1539231441684097,11922,1679,2529
1539231441706547,11923,1715,2571
1539231441729605,11924,2565,2977
1539231441754446,11925,8579,4559
1539231441784625,11926,1737,2543
1539231441807564,11927,1653,2559
1539231441829552,11928,1712,2579
1539231441851752,11929,2575,2975
1539231441875988,11930,8440,4500
1539231441904808,11931,1655,2541
1539231441927153,11932,1657,2557
1539231441949915,11933,1724,2582
1539231441972643,11934,2575,2989
1539231441998176,11935,8437,4578
1539231442027278,11936,1642,2586
1539231442050968,11937,1656,2541
1539231442073223,11938,1724,2571
1539231442095919,11939,2559,3005
1539231442121007,11940,8456,4512
1539231442149780,11941,1642,2547
1539231442172251,11942,1669,2552
1539231442194846,11943,1719,2577
1539231442217479,11944,2569,2978
1539231442241430,11945,8550,4520
1539231442271521,11946,1653,2541
1539231442293936,11947,1654,2552
1539231442316046,11948,1729,2554
1539231442338803,11949,2564,2988
1539231442363773,11950,8449,4501
1539231442393022,11951,1657,2528
1539231442415492,11952,1654,2544
1539231442438624,11953,1713,2569
1539231442461308,11954,2596,2980
1539231442485831,11955,8436,4499
1539231442515226,11956,1641,2528
1539231442537917,11957,1651,2546
1539231442560884,11958,1731,2557
1539231442583758,11959,2595,2981
1539231442608155,11960,8515,4493
1539231442637071,11961,1663,2532
1539231442659221,11962,1652,2545
1539231442682082,11963,1712,2581
1539231442704996,11964,2589,2984
1539231442730345,11965,8392,4511
1539231442759601,11966,1641,2549
1539231442783024,11967,1650,2575
1539231442805848,11968,3120,2947
1539231442832933,11969,2594,2985
1539231442857860,11970,8503,4466
1539231442886854,11971,1648,2544
1539231442908872,11972,1669,2544
1539231442931078,11973,1712,2584
1539231442953312,11974,2604,2990
1539231442977861,11975,8589,4493
1539231443011062,11976,5335,3598
1539231443039925,11977,1676,2571
1539231443063860,11978,1740,2565
1539231443086354,11979,2573,2988
1539231443111232,11980,8480,4507
1539231443140041,11981,1670,2541
1539231443162088,11982,1651,2547
1539231443185321,11983,1732,2588
1539231443207529,11984,2579,2979
1539231443232385,11985,8510,4541
1539231443261899,11986,1638,2541
1539231443284349,11987,1676,2528
1539231443306919,11988,1712,2581
1539231443329676,11989,2556,2987
1539231443355170,11990,8481,4491
1539231443384207,11991,1657,2540
1539231443406536,11992,1648,2544
1539231443429841,11993,1718,2582
1539231443453034,11994,2585,2985
1539231443478228,11995,8424,4495
1539231443506754,11996,1641,2541
1539231443529001,11997,1664,2530
1539231443552201,11998,1724,2555
1539231443574819,11999,2559,2999
1539231443600201,12000,8447,4510
1539231443629319,12001,1657,2528
1539231443651898,12002,1661,2538
1539231443675294,12003,1714,2578
1539231443698428,12004,2587,2991
1539231443723011,12005,8530,4502
1539231443753202,12006,1673,2554
1539231443777045,12007,1806,2584
1539231443801206,12008,1824,2602
1539231443824721,12009,2578,3015
1539231443849034,12010,8473,4508
1539231443878192,12011,1684,2558
1539231443900644,12012,1666,2541
1539231443923828,12013,1736,2562
1539231443946572,12014,2566,2989
1539231443971670,12015,8427,4507
1539231444001190,12016,1917,2613
1539231444023937,12017,1674,2563
1539231444046979,12018,1791,2616
1539231444070006,12019,2570,2982
1539231444094495,12020,8432,4528
1539231444123237,12021,1642,2533
1539231444145129,12022,1667,2538
1539231444167808,12023,1739,2596
1539231444190637,12024,2564,2978
1539231444216222,12025,8406,4501
1539231444244881,12026,1718,2591
1539231444267895,12027,1677,2543
1539231444290242,12028,1713,2580
1539231444313192,12029,2586,2981
1539231444338261,12030,8435,4503
1539231444366872,12031,1639,2546
1539231444389302,12032,1668,2557
1539231444411827,12033,1723,2574
1539231444433867,12034,2582,2981
1539231444458740,12035,8576,4502
1539231444488849,12036,1657,2529
1539231444511242,12037,1655,2545
1539231444534187,12038,1711,2580
1539231444557173,12039,2579,2981
1539231444582007,12040,8441,4501
1539231444611075,12041,1645,2542
1539231444633177,12042,1676,2534
1539231444656139,12043,1816,2570
1539231444678583,12044,2575,2977
1539231444703404,12045,8422,4511
1539231444732898,12046,1652,2534
1539231444755387,12047,1653,2604
1539231444778379,12048,1784,2631
1539231444801795,12049,2715,2982
1539231444827058,12050,8513,4493
1539231444855830,12051,1657,2535
1539231444878225,12052,1655,2553
1539231444901090,12053,1751,2577
1539231444923542,12054,2599,2969
1539231444948648,12055,8425,4522
1539231444977977,12056,1643,2531
1539231445001433,12057,5505,3550
1539231445033847,12058,1735,2787
1539231445057993,12059,2771,3034
1539231445083597,12060,8650,4525
1539231445112439,12061,1673,2541
1539231445134427,12062,1656,2565
1539231445156936,12063,1826,2561
1539231445180008,12064,2589,3004
1539231445205012,12065,8588,4511
1539231445235131,12066,1642,2557
1539231445257690,12067,1661,2596
1539231445280136,12068,1736,2573
1539231445302533,12069,2568,2997
1539231445327087,12070,8435,4508
1539231445356111,12071,1659,2529
1539231445378544,12072,1657,2553
1539231445401598,12073,1716,2599
1539231445424434,12074,2573,3014
1539231445449486,12075,8424,4515
1539231445478590,12076,1647,2561
1539231445500962,12077,1676,2536
1539231445523247,12078,1716,2566
1539231445546125,12079,2553,2991
1539231445570876,12080,8395,4520
1539231445599673,12081,1636,2555
1539231445621972,12082,1655,2541
1539231445645122,12083,1740,2585
1539231445668216,12084,2572,2982
1539231445693264,12085,8429,4502
1539231445722408,12086,1642,2562
1539231445745259,12087,1682,2540
1539231445767755,12088,1864,2862
1539231445793171,12089,2827,3044
1539231445819793,12090,8464,4493
1539231445848753,12091,1657,2541
1539231445871388,12092,1653,2562
1539231445894079,12093,1714,2587
1539231445916908,12094,2594,3001
1539231445941621,12095,8540,4497
1539231445971679,12096,1644,2541
1539231445993555,12097,1657,2552
1539231446022411,12098,1724,2743
1539231446045865,12099,2716,3262
1539231446071941,12100,8785,4527
1539231446101754,12101,1710,2553
1539231446125282,12102,1704,2564
1539231446148509,12103,1726,2554
1539231446170535,12104,2698,3026
1539231446195301,12105,8441,4511
1539231446225027,12106,1659,2542
1539231446247741,12107,1650,2554
1539231446270290,12108,1718,2589
1539231446293020,12109,2734,3026
1539231446317963,12110,8421,4506
1539231446347146,12111,1646,2546
1539231446369351,12112,1669,2543
1539231446391527,12113,1717,2566
1539231446414624,12114,2561,2995
1539231446439664,12115,8413,4503
1539231446468706,12116,1656,2533
1539231446491815,12117,1668,2547
1539231446514156,12118,1715,2583
1539231446537113,12119,2576,2987
1539231446561763,12120,8423,4507
1539231446590709,12121,1640,2559
1539231446613107,12122,1676,2540
1539231446635620,12123,1714,2596
1539231446657634,12124,2573,2994
1539231446682060,12125,8516,4505
1539231446711727,12126,1648,2563
1539231446734303,12127,1654,2555
1539231446756819,12128,1728,2560
1539231446780640,12129,2766,3019
1539231446806665,12130,8394,4500
1539231446835347,12131,1643,2548
1539231446857897,12132,1645,2550
1539231446880773,12133,1737,2566
1539231446903064,12134,2591,2979
1539231446928418,12135,8465,4509
1539231446957932,12136,1639,2549
1539231446980215,12137,1662,2525
1539231447004445,12138,4569,3597
1539231447035318,12139,2689,3181
1539231447061334,12140,8408,4514
1539231447089983,12141,1639,2542
1539231447111608,12142,1701,2595
1539231447134190,12143,1714,2570
1539231447157262,12144,2656,3002
1539231447182575,12145,8389,4497
1539231447211097,12146,1647,2548
1539231447233412,12147,1651,2552
1539231447255711,12148,1725,2570
1539231447279043,12149,2554,2965
1539231447303581,12150,8427,4497
1539231447332381,12151,1663,2541
1539231447354822,12152,1650,2556
1539231447377151,12153,1739,2577
1539231447399066,12154,2600,2980
1539231447423665,12155,8518,4501
1539231447453763,12156,1649,2563
1539231447475754,12157,1680,2547
1539231447498707,12158,1716,2584
1539231447520845,12159,2711,3037
1539231447546202,12160,8432,4507
1539231447575288,12161,1635,2543
1539231447597878,12162,1652,2552
1539231447620149,12163,1740,2573
1539231447642725,12164,2561,2987
1539231447667908,12165,8447,4501
1539231447697502,12166,1643,2559
1539231447720326,12167,1666,2539
1539231447742916,12168,1715,2579
1539231447766223,12169,2819,3251
1539231447792682,12170,8672,4544
1539231447822130,12171,1636,2547
1539231447844578,12172,1672,2537
1539231447867314,12173,1721,2569
1539231447890336,12174,2566,2983
1539231447915658,12175,8424,4502
1539231447945095,12176,1669,2528
1539231447968196,12177,1666,2538
1539231447990441,12178,1717,2579
1539231448019884,12179,6202,3196
1539231448049073,12180,8882,4571
1539231448078640,12181,1641,2549
1539231448100840,12182,1672,2536
1539231448123525,12183,1712,2579
1539231448145938,12184,2564,2984
1539231448170689,12185,8772,4512
1539231448200790,12186,1659,2528
1539231448223703,12187,1654,2564
1539231448246222,12188,1714,2589
1539231448269558,12189,2570,2995
1539231448293574,12190,8402,4507
1539231448323039,12191,1640,2552
1539231448345386,12192,1662,2562
1539231448368091,12193,1742,2569
1539231448390865,12194,2596,2977
1539231448415925,12195,8416,4509
1539231448444656,12196,1662,2531
1539231448467250,12197,1651,2555
1539231448490151,12198,1721,2578
1539231448512790,12199,2583,2999
1539231448537884,12200,8408,4512
1539231448566849,12201,1640,2550
1539231448588775,12202,1677,2538
1539231448611601,12203,1717,2580
1539231448634593,12204,2570,2987
1539231448659406,12205,8436,4495
1539231448688489,12206,1651,2509
1539231448710997,12207,1648,2550
1539231448733382,12208,1731,2567
1539231448755751,12209,2555,2979
1539231448782149,12210,8851,4576
1539231448812116,12211,1690,2550
1539231448834457,12212,1648,2545
1539231448856703,12213,1727,2561
1539231448879180,12214,2584,2973
1539231448903587,12215,8570,4512
1539231448933502,12216,1649,2557
1539231448956342,12217,1665,2535
1539231448979456,12218,1716,2581
1539231449004548,12219,6871,4246
1539231449038077,12220,8721,4552
1539231449067878,12221,1688,2546
1539231449090527,12222,1662,2579
1539231449113220,12223,1744,2572
1539231449136341,12224,2602,2987
1539231449161728,12225,8537,4554
1539231449191270,12226,1643,2548
1539231449213551,12227,1654,2556
1539231449235982,12228,1741,2563
1539231449258718,12229,2568,2988
1539231449283924,12230,8433,4497
1539231449312696,12231,1658,2535
1539231449335002,12232,1657,2548
1539231449357879,12233,1719,2571
1539231449380957,12234,2601,2985
1539231449405984,12235,8406,4494
1539231449435404,12236,1650,2533
1539231449458471,12237,1650,2546
1539231449481244,12238,1729,2587
1539231449504384,12239,2598,2992
1539231449529053,12240,8452,4496
1539231449558261,12241,1638,2552
1539231449580555,12242,1667,2539
1539231449603431,12243,1715,2587
1539231449626255,12244,2583,2988
1539231449650997,12245,8524,4510
1539231449680845,12246,1657,2534
1539231449703138,12247,1652,2556
1539231449726535,12248,1719,2571
1539231449749509,12249,2578,2971
1539231449773774,12250,8792,4543
1539231449803576,12251,1642,2553
1539231449825771,12252,1654,2545
1539231449848075,12253,1725,2576
1539231449870697,12254,2568,2996
1539231449895759,12255,8421,4521
1539231449925137,12256,1667,2536
1539231449947530,12257,1650,2543
1539231449969732,12258,1708,2579
1539231449992130,12259,2582,2995
1539231450017686,12260,8613,4606
1539231450047447,12261,1733,2555
1539231450069538,12262,1653,2551
1539231450091709,12263,1736,2560
1539231450114614,12264,2560,3000
1539231450139571,12265,8429,4502
1539231450168390,12266,1682,2541
1539231450191339,12267,1658,2549
1539231450213916,12268,1820,2636
1539231450236596,12269,2573,3006
1539231450261869,12270,8585,4509
1539231450290994,12271,1642,2574
1539231450313641,12272,1652,2555
1539231450336262,12273,1745,2570
1539231450358487,12274,2572,2984
1539231450382986,12275,8691,4498
1539231450413059,12276,1660,2519
1539231450436212,12277,1670,2540
1539231450459515,12278,1721,2588
1539231450482420,12279,2557,2977
1539231450506891,12280,8450,4515
1539231450535812,12281,1656,2525
1539231450558229,12282,1656,2548
1539231450581268,12283,1728,2589
1539231450603876,12284,2578,3006
1539231450629206,12285,8467,4511
1539231450659091,12286,1641,2532
1539231450681679,12287,1648,2535
1539231450704228,12288,1741,2566
1539231450726309,12289,2558,2983
1539231450751329,12290,8428,4513
1539231450781010,12291,1793,2539
1539231450803845,12292,1672,2580
1539231450826847,12293,1717,2579
1539231450849850,12294,2563,2992
1539231450875297,12295,8510,4500
1539231450905031,12296,1659,2527
1539231450927962,12297,1665,2537
1539231450950472,12298,1711,2573
1539231450972843,12299,2568,2991
1539231450998032,12300,8628,4630
1539231451027687,12301,1648,2760
1539231451051384,12302,1782,2577
1539231451073743,12303,1713,2584
1539231451096095,12304,2593,2992
1539231451121269,12305,8575,4510
1539231451151409,12306,1644,2553
1539231451174156,12307,1651,2559
1539231451196667,12308,1742,2564
1539231451219830,12309,2577,2964
1539231451245342,12310,8453,4499
1539231451274528,12311,1640,2556
1539231451296587,12312,1676,2544
1539231451319128,12313,1711,2568
1539231451341976,12314,2578,2988
1539231451367550,12315,8434,4497
1539231451397193,12316,1661,2532
1539231451419613,12317,1655,2548
1539231451442237,12318,1719,2584
1539231451464313,12319,2587,2999
1539231451489099,12320,8445,4490
1539231451518267,12321,1641,2536
1539231451540520,12322,1677,2538
1539231451563323,12323,1719,2575
1539231451585851,12324,2567,2988
1539231451610901,12325,8517,4500
1539231451639672,12326,1645,2543
1539231451662591,12327,1657,2553
1539231451685388,12328,1733,2565
1539231451711827,12329,2651,2847
1539231451736345,12330,8154,4137
1539231451764516,12331,1650,2395
1539231451787070,12332,1725,2430
1539231451809460,12333,1881,2476
1539231451832782,12334,2781,2827
1539231451857371,12335,8394,4136
1539231451885363,12336,1623,2354
1539231451907193,12337,1619,2369
1539231451929696,12338,1675,2393
1539231451952106,12339,2503,2769
1539231451976581,12340,8123,4128
1539231452004649,12341,1629,2378
1539231452027019,12342,1650,2417
1539231452050172,12343,1884,2446
1539231452073438,12344,2762,2831
1539231452099567,12345,8563,4181
1539231452128363,12346,1685,2370
1539231452150841,12347,1637,2366
1539231452172629,12348,1696,2389
1539231452194257,12349,2503,2774
1539231452218434,12350,8187,4145
1539231452246389,12351,1606,2352
1539231452268258,12352,1627,2367
1539231452290840,12353,1686,2387
1539231452312743,12354,2511,2760
1539231452337152,12355,8160,4121
1539231452365188,12356,1629,2359
1539231452387623,12357,1623,2368
1539231452409307,12358,1706,2396
1539231452431938,12359,2523,2773
1539231452456184,12360,8181,4153
1539231452484236,12361,1629,2348
1539231452506140,12362,1615,2393
1539231452528387,12363,1706,2379
1539231452550265,12364,2522,2772
1539231452574127,12365,8244,4124
1539231452603242,12366,1615,2387
1539231452625158,12367,1643,2374
1539231452647798,12368,1708,2380
1539231452669871,12369,2517,2788
1539231452693778,12370,8203,4121
1539231452722108,12371,1624,2373
1539231452744146,12372,1637,2364
1539231452766350,12373,1708,2451
1539231452788496,12374,2618,2807
1539231452813088,12375,8216,4162
1539231452841864,12376,1605,2381
1539231452863813,12377,1639,2354
1539231452885574,12378,1687,2404
1539231452907183,12379,2539,2774
1539231452931510,12380,8135,4136
1539231452959636,12381,1613,2377
1539231452981217,12382,1625,2353
1539231453003368,12383,1686,2421
1539231453026227,12384,2582,2816
1539231453051685,12385,8501,4169
1539231453080568,12386,1698,2373
1539231453103424,12387,1665,2386
1539231453125584,12388,1710,2401
1539231453147667,12389,2535,2759
1539231453172383,12390,8330,4153
1539231453201245,12391,1669,2357
1539231453223760,12392,1655,2360
1539231453245778,12393,1723,2412
1539231453267961,12394,2590,2787
1539231453292496,12395,8373,4145
1539231453321090,12396,1670,2364
1539231453342840,12397,1658,2383
1539231453365642,12398,1722,2409
1539231453388129,12399,2559,2783
1539231453412245,12400,8276,4140
1539231453440420,12401,1664,2365
1539231453462746,12402,1654,2378
1539231453485276,12403,1732,2411
1539231453507611,12404,2587,2769
1539231453532231,12405,8273,4144
1539231453561657,12406,1686,2395
1539231453583929,12407,1687,2410
1539231453606175,12408,1736,2398
1539231453628840,12409,2562,2772
1539231453653351,12410,8255,4138
1539231453681788,12411,1648,2383
1539231453703449,12412,1646,2391
1539231453725989,12413,1713,2409
1539231453748689,12414,2576,2795
1539231453772045,12415,8380,4160
1539231453800375,12416,1661,2364
1539231453823050,12417,1623,2366
1539231453845161,12418,1705,2380
1539231453867318,12419,2493,2762
1539231453891114,12420,8151,4147
1539231453919323,12421,1607,2375
1539231453941197,12422,1635,2376
1539231453963176,12423,1679,2411
1539231453985805,12424,2515,2763
1539231454010114,12425,8888,4251
1539231454041362,12426,1818,2442
1539231454065607,12427,1813,2432
1539231454089948,12428,1886,2462
1539231454114185,12429,2778,2818
1539231454139587,12430,8877,4191
1539231454169407,12431,1792,2435
1539231454192974,12432,1780,2407
1539231454216543,12433,1798,2418
1539231454238879,12434,2581,2772
1539231454262941,12435,8205,4150
1539231454291370,12436,1637,2370
1539231454313852,12437,1642,2383
1539231454336004,12438,1727,2390
1539231454357777,12439,2579,2796
1539231454382004,12440,8253,4150
1539231454410251,12441,1632,2380
1539231454432203,12442,1668,2383
1539231454454701,12443,1719,2423
1539231454477350,12444,2567,2777
1539231454502016,12445,8339,4155
1539231454530492,12446,1678,2381
1539231454553280,12447,1676,2378
1539231454575546,12448,1707,2392
1539231454598144,12449,2538,2780
1539231454622883,12450,8266,4138
1539231454651648,12451,1638,2378
1539231454673340,12452,1678,2372
1539231454695747,12453,1725,2388
1539231454718597,12454,2544,2786
1539231454742733,12455,8366,4133
1539231454771115,12456,1681,2339
1539231454793130,12457,1710,2387
1539231454816345,12458,1742,2395
1539231454839059,12459,2553,2773
1539231454862498,12460,8108,4123
1539231454890564,12461,1604,2385
1539231454912496,12462,1632,2372
1539231454934214,12463,1679,2402
1539231454956291,12464,2572,2801
1539231454980853,12465,8177,4118
1539231455009426,12466,1610,2395
1539231455032003,12467,1711,2403
1539231455055487,12468,1792,2433
1539231455077798,12469,2562,2779
1539231455102202,12470,8167,4123
1539231455130214,12471,1616,2369
1539231455152094,12472,1638,2359
1539231455174288,12473,1686,2412
1539231455196754,12474,2509,2784
1539231455221673,12475,8148,4145
1539231455249725,12476,1638,2396
1539231455271831,12477,1651,2373
1539231455293827,12478,1695,2390
1539231455316345,12479,2546,2793
1539231455340314,12480,8166,4131
1539231455368168,12481,1676,2367
1539231455389985,12482,1621,2373
1539231455411758,12483,1700,2384
1539231455433600,12484,2558,2775
1539231455457488,12485,8254,4119
1539231455486657,12486,1622,2366
1539231455508382,12487,1654,2380
1539231455531119,12488,1690,2398
1539231455554290,12489,2539,2772
1539231455578570,12490,8300,4065
1539231455606675,12491,1632,2376
1539231455628771,12492,1652,2359
1539231455651065,12493,1694,2385
1539231455672691,12494,2546,2772
1539231455696930,12495,8172,4122
1539231455725733,12496,1620,2376
1539231455747987,12497,1634,2366
1539231455769806,12498,1703,2429
1539231455791745,12499,2578,2771
1539231455816145,12500,8385,4152
1539231455844478,12501,1648,2362
1539231455866282,12502,1644,2392
1539231455888552,12503,1696,2392
1539231455910794,12504,2516,2773
1539231455935541,12505,8198,4127
1539231455963557,12506,1610,2376
1539231455985981,12507,1620,2388
1539231456008172,12508,1695,2430
1539231456031039,12509,2609,2816
1539231456056721,12510,8437,4155
1539231456085315,12511,1662,2370
1539231456107782,12512,1656,2367
1539231456129628,12513,1683,2398
1539231456151689,12514,2514,2763
1539231456175548,12515,8268,4130
1539231456204622,12516,1624,2369
1539231456226711,12517,1644,2379
1539231456249360,12518,1703,2404
1539231456271249,12519,2554,2785
1539231456295314,12520,8195,4139
1539231456323435,12521,1618,2375
1539231456345377,12522,1640,2359
1539231456367382,12523,1689,2428
1539231456389938,12524,2524,2775
1539231456414035,12525,8211,4125
1539231456443005,12526,1616,2376
1539231456464706,12527,1649,2377
1539231456486549,12528,1689,2395
1539231456508540,12529,2527,2806
1539231456532424,12530,8139,4134
1539231456560378,12531,1636,2368
1539231456582284,12532,1624,2372
1539231456604439,12533,1704,2383
1539231456626336,12534,2516,2768
1539231456650564,12535,8196,4128
1539231456678374,12536,1615,2365
1539231456700602,12537,1638,2361
1539231456722462,12538,1687,2402
1539231456744510,12539,2509,2778
1539231456769108,12540,8576,4186
1539231456798250,12541,1694,2394
1539231456820863,12542,1703,2380
1539231456843192,12543,1728,2402
1539231456865344,12544,2538,2772
1539231456889125,12545,8214,4145
1539231456917811,12546,1617,2385
1539231456939604,12547,1628,2378
1539231456962397,12548,1677,2387
1539231456984912,12549,2517,2768
1539231457008627,12550,8292,4181
1539231457036923,12551,1738,2420
1539231457060242,12552,1821,2341
1539231457084066,12553,1901,2444
1539231457107385,12554,2782,2805
1539231457132464,12555,8669,4184
1539231457162676,12556,1700,2400
1539231457185041,12557,1684,2365
1539231457207164,12558,1703,2403
1539231457229784,12559,2542,2768
1539231457254038,12560,8291,4136
1539231457282253,12561,1650,2369
1539231457304040,12562,1656,2368
1539231457326297,12563,1715,2413
1539231457349069,12564,2579,2787
1539231457373758,12565,8227,4166
1539231457402568,12566,1634,2385
1539231457424573,12567,1670,2366
1539231457446597,12568,1703,2399
1539231457469240,12569,2541,2771
1539231457493856,12570,8252,4138
1539231457522222,12571,1636,2367
1539231457543812,12572,1671,2369
1539231457565909,12573,1749,2426
1539231457588219,12574,2653,2803
1539231457612201,12575,8360,4132
1539231457641114,12576,1647,2358
1539231457663395,12577,1646,2374
1539231457686253,12578,1705,2395
1539231457708973,12579,2555,2804
1539231457733451,12580,8250,4140
1539231457761995,12581,1630,2399
1539231457784902,12582,1830,2429
1539231457808314,12583,1886,2445
1539231457831516,12584,2778,2824
1539231457857548,12585,8684,4180
1539231457887523,12586,1697,2399
1539231457910137,12587,1660,2379
1539231457932255,12588,1698,2387
1539231457953912,12589,2507,2731
1539231457978083,12590,8145,4121
1539231458006360,12591,1644,2396
1539231458028160,12592,1658,2399
1539231458051808,12593,1894,2440
1539231458075677,12594,2802,2806
1539231458102266,12595,8924,4199
1539231458132683,12596,1819,2412
1539231458156573,12597,1823,2444
1539231458179974,12598,1843,2432
1539231458202873,12599,2630,2780
1539231458227966,12600,8223,4151
1539231458256188,12601,1636,2388
1539231458278310,12602,1647,2385
1539231458300173,12603,1717,2389
1539231458322536,12604,2540,2782
1539231458346697,12605,8346,4143
1539231458375490,12606,1636,2368
1539231458397102,12607,1666,2373
1539231458419980,12608,1735,2395
1539231458442127,12609,2557,2772
1539231458465131,12610,8311,4145
1539231458494484,12611,1633,2373
1539231458516794,12612,1663,2372
1539231458539005,12613,1716,2406
1539231458560794,12614,2612,2790
1539231458585557,12615,8244,4160
1539231458614521,12616,1635,2387
1539231458636864,12617,1658,2353
1539231458658942,12618,1717,2409
1539231458681070,12619,2632,2787
1539231458705940,12620,8319,4136
1539231458734406,12621,1631,2377
1539231458756110,12622,1701,2368
1539231458778596,12623,1710,2420
1539231458801209,12624,2548,2772
1539231458825536,12625,8153,4124
1539231458853353,12626,1625,2361
1539231458875784,12627,1646,2380
1539231458897767,12628,1685,2397
1539231458920234,12629,2536,2781
1539231458944684,12630,8171,4119
1539231458972731,12631,1629,2369
1539231458994818,12632,1614,2370
1539231459016768,12633,1735,2418
1539231459039998,12634,2752,2847
1539231459064557,12635,8372,4142
1539231459092831,12636,1644,2368
1539231459114578,12637,1623,2376
1539231459136463,12638,1700,2395
1539231459158749,12639,2564,2784
1539231459182811,12640,8211,4133
1539231459211102,12641,1615,2375
1539231459232814,12642,1642,2371
1539231459255080,12643,1705,2444
1539231459277483,12644,2528,2812
1539231459301307,12645,8196,4145
1539231459329878,12646,1627,2387
1539231459351868,12647,1659,2381
1539231459374056,12648,1696,2394
1539231459396380,12649,2563,2789
1539231459421147,12650,8147,4148
1539231459449547,12651,1612,2367
1539231459471298,12652,1630,2372
1539231459493429,12653,1689,2411
1539231459515355,12654,2543,2766
1539231459539684,12655,8211,4127
1539231459567671,12656,1616,2404
1539231459591073,12657,1733,2406
1539231459614253,12658,1788,2442
1539231459637702,12659,2879,3019
1539231459663219,12660,8364,4154
1539231459691435,12661,1620,2361
1539231459713066,12662,1862,2381
1539231459735564,12663,1699,2406
1539231459757687,12664,2534,2795
1539231459780829,12665,8349,4157
1539231459809050,12666,1800,2370
1539231459831185,12667,1631,2388
1539231459854046,12668,1697,2424
1539231459876739,12669,2545,2786
1539231459901022,12670,8189,4132
1539231459928991,12671,1624,2357
1539231459951079,12672,1624,2376
1539231459973217,12673,1704,2387
1539231459995356,12674,2515,2771
1539231460019975,12675,8355,4205
1539231460049441,12676,1719,2426
1539231460072309,12677,1744,2397
1539231460095061,12678,1763,2421
1539231460117458,12679,2558,2778
1539231460141716,12680,8200,4153
1539231460169852,12681,1632,2399
1539231460191756,12682,1678,2376
1539231460214281,12683,1714,2393
1539231460237036,12684,2574,2777
1539231460261345,12685,8358,4166
1539231460290011,12686,1658,2396
1539231460312680,12687,1664,2375
1539231460334758,12688,1710,2411
1539231460357213,12689,2617,2789
1539231460382015,12690,8259,4132
1539231460410338,12691,1634,2388
1539231460432544,12692,1665,2375
1539231460454750,12693,1717,2433
1539231460476861,12694,2572,2788
1539231460500974,12695,8369,4166
1539231460529222,12696,1658,2356
1539231460551022,12697,1652,2378
1539231460573880,12698,1720,2413
1539231460596064,12699,2545,2759
1539231460619706,12700,8290,4140
1539231460647966,12701,1656,2367
1539231460670274,12702,1680,2388
1539231460693121,12703,1739,2404
1539231460715845,12704,2559,2781
1539231460739375,12705,8268,4146
1539231460768160,12706,1692,2438
1539231460790756,12707,1670,2390
1539231460812881,12708,1729,2387
1539231460835299,12709,2520,2774
1539231460859270,12710,8167,4135
1539231460887465,12711,1616,2370
1539231460909018,12712,1640,2356
1539231460931419,12713,1689,2405
1539231460953222,12714,2519,2777
1539231460977699,12715,8208,4117
1539231461005986,12716,1613,2418
1539231461028769,12717,1682,2400
1539231461052259,12718,1786,2400
1539231461074690,12719,2608,2798
1539231461099150,12720,8250,4145
1539231461127241,12721,1615,2375
1539231461148718,12722,1631,2367
1539231461170659,12723,1704,2424
1539231461193383,12724,2532,2781
1539231461217224,12725,8237,4137
1539231461245114,12726,1630,2350
1539231461266732,12727,1620,2377
1539231461289204,12728,1721,2400
1539231461311360,12729,2523,2746
1539231461335224,12730,8153,4142
1539231461363411,12731,1620,2371
1539231461385454,12732,1629,2378
1539231461408052,12733,1695,2390
1539231461430246,12734,2539,2780
1539231461454726,12735,8193,4141
1539231461482546,12736,1627,2365
1539231461504234,12737,1636,2364
1539231461526309,12738,1701,2418
1539231461548136,12739,2542,2774
1539231461572232,12740,8147,4137
1539231461600376,12741,1679,2369
1539231461622020,12742,1634,2360
1539231461644594,12743,1692,2392
1539231461666352,12744,2509,2772
1539231461690564,12745,8311,4135
1539231461718634,12746,1611,2379
1539231461741105,12747,1640,2368
1539231461762901,12748,1689,2455
1539231461784823,12749,2574,2815
1539231461809735,12750,8204,4127
1539231461837668,12751,1619,2373
1539231461859284,12752,1663,2366
1539231461881188,12753,1696,2400
1539231461903303,12754,2534,2773
1539231461926226,12755,8219,4169
1539231461955355,12756,1614,2359
1539231461977567,12757,1632,2378
1539231462000099,12758,1712,2422
1539231462022988,12759,2615,2815
1539231462048394,12760,8560,4141
1539231462077236,12761,1711,2384
1539231462099638,12762,1668,2380
1539231462121961,12763,1719,2406
1539231462144286,12764,2564,2795
1539231462168921,12765,8206,4141
1539231462197638,12766,1632,2383
1539231462219786,12767,1670,2382
1539231462241779,12768,1708,2394
1539231462263665,12769,2564,2783
1539231462288258,12770,8271,4149
1539231462316511,12771,1646,2371
1539231462338513,12772,1644,2384
1539231462360965,12773,1744,2395
1539231462383071,12774,2582,2774
1539231462407569,12775,8251,4137
1539231462435756,12776,1637,2371
1539231462458508,12777,1688,2403
1539231462480495,12778,1740,2392
1539231462502630,12779,2559,2806
1539231462527285,12780,8194,4135
1539231462555375,12781,1635,2393
1539231462577484,12782,1638,2374
1539231462599460,12783,1718,2412
1539231462622142,12784,2562,2786
1539231462646574,12785,8352,4157
1539231462675244,12786,1644,2377
1539231462697021,12787,1660,2360
1539231462718966,12788,1677,2392
1539231462740626,12789,2542,2788
1539231462764348,12790,8237,4164
1539231462792640,12791,1661,2367
1539231462814607,12792,1622,2382
1539231462836725,12793,1704,2391
1539231462858607,12794,2568,2774
1539231462883229,12795,8177,4139
1539231462911276,12796,1606,2384
1539231462933542,12797,1626,2373
1539231462955469,12798,1689,2372
1539231462977958,12799,2518,2780
1539231463002291,12800,8167,4233
1539231463031118,12801,1690,2428
1539231463053265,12802,1729,2391
1539231463075565,12803,1741,2417
1539231463098265,12804,2545,2766
1539231463122741,12805,8251,4129
1539231463150933,12806,1601,2357
1539231463173095,12807,1649,2360
1539231463195225,12808,1674,2395
1539231463217368,12809,2530,2783
1539231463241543,12810,8160,4119
1539231463269324,12811,1644,2354
1539231463291188,12812,1647,2391
1539231463313550,12813,1695,2399
1539231463335440,12814,2521,2771
1539231463359265,12815,8308,4141
1539231463388024,12816,1633,2367
1539231463410239,12817,1626,2390
1539231463432100,12818,1702,2387
1539231463454552,12819,2510,2805
1539231463478488,12820,8156,4130
1539231463506506,12821,1616,2370
1539231463528510,12822,1641,2363
1539231463550996,12823,1686,2397
1539231463572982,12824,2619,2807
1539231463598184,12825,8460,4139
1539231463627467,12826,1666,2378
1539231463649829,12827,1643,2376
1539231463672035,12828,1706,2393
1539231463694427,12829,2508,2765
1539231463718574,12830,8155,4159
1539231463747557,12831,1611,2382
1539231463769025,12832,1652,2405
1539231463792215,12833,1738,2405
1539231463814271,12834,2527,2803
1539231463838803,12835,8213,4259
1539231463867007,12836,1626,2367
1539231463889475,12837,1626,2383
1539231463911280,12838,1686,2405
1539231463933861,12839,2485,2763
1539231463958067,12840,8185,4120
1539231463986290,12841,1620,2373
1539231464008199,12842,1633,2406
1539231464030188,12843,1728,2440
1539231464053183,12844,2664,2825
1539231464078311,12845,8497,4168
1539231464106814,12846,1665,2382
1539231464129195,12847,1664,2366
1539231464151929,12848,1722,2391
1539231464174712,12849,2531,2804
1539231464197997,12850,8209,4149
1539231464226441,12851,1652,2389
1539231464248474,12852,1656,2370
1539231464271153,12853,1714,2411
1539231464294135,12854,2578,2777
1539231464318780,12855,8244,4150
1539231464346981,12856,1649,2370
1539231464368992,12857,1705,2362
1539231464391141,12858,1720,2407
1539231464413145,12859,2555,2793
1539231464437562,12860,8256,4139
1539231464465919,12861,1634,2374
1539231464487720,12862,1622,2372
1539231464509913,12863,1680,2388
1539231464531791,12864,2532,2775
1539231464556361,12865,8240,4127
1539231464585580,12866,1619,2382
1539231464607982,12867,1637,2385
1539231464629896,12868,1694,2412
1539231464652377,12869,2541,2782
1539231464676652,12870,8231,4114
1539231464704626,12871,1624,2358
1539231464726646,12872,1620,2390
1539231464748322,12873,1703,2397
1539231464770958,12874,2571,2756
1539231464794553,12875,8328,4052
1539231464823348,12876,1628,2364
1539231464845299,12877,1639,2363
1539231464868022,12878,1699,2391
1539231464890543,12879,2544,2776
1539231464914002,12880,8147,4136
1539231464941830,12881,1616,2372
1539231464963869,12882,1640,2367
1539231464985870,12883,1698,2411
1539231465007814,12884,2535,2808
1539231465032597,12885,10011,4182
1539231465064153,12886,1693,2387
1539231465086380,12887,1670,2373
1539231465108768,12888,1733,2401
1539231465131329,12889,2575,2781
1539231465155691,12890,8288,4143
1539231465183904,12891,1678,2369
1539231465205876,12892,1642,2394
1539231465228416,12893,1721,2397
1539231465250376,12894,2562,2792
1539231465275122,12895,8209,4164
1539231465303213,12896,1644,2374
1539231465325274,12897,1669,2366
1539231465347456,12898,1715,2395
1539231465370033,12899,2541,2777
1539231465393604,12900,8291,4129
1539231465421952,12901,1636,2383
1539231465444171,12902,1665,2367
1539231465466565,12903,1714,2403
1539231465489237,12904,2578,2784
1539231465513672,12905,8340,4138
1539231465542993,12906,1650,2372
1539231465565466,12907,1691,2412
1539231465588616,12908,1762,2400
1539231465611646,12909,2602,2768
1539231465636432,12910,8249,4138
1539231465664857,12911,1651,2371
1539231465687199,12912,1642,2386
1539231465709308,12913,1719,2403
1539231465731302,12914,2574,2764
1539231465755563,12915,8297,4222
1539231465785236,12916,1673,2386
1539231465807596,12917,1640,2378
1539231465829461,12918,1683,2396
1539231465851078,12919,2684,2793
1539231465875579,12920,8175,4144
1539231465903757,12921,1615,2383
1539231465925280,12922,1634,2368
1539231465947472,12923,1685,2396
1539231465969896,12924,2522,2782
1539231465994270,12925,8181,4196
1539231466022303,12926,1657,2417
1539231466045423,12927,1726,2420
1539231466068474,12928,1791,2420
1539231466091753,12929,2621,2795
1539231466115857,12930,8266,4121
1539231466144299,12931,1646,2383
1539231466166062,12932,1681,2397
1539231466188157,12933,1743,2406
1539231466210456,12934,2548,2776
1539231466234829,12935,8331,4133
1539231466263097,12936,1636,2390
1539231466285053,12937,1658,2371
1539231466307849,12938,1795,2423
1539231466330951,12939,2623,2779
1539231466355626,12940,8350,4144
1539231466383977,12941,1655,2357
1539231466406222,12942,1645,2376
1539231466428848,12943,1724,2391
1539231466450883,12944,2576,2778
1539231466475647,12945,8265,4145
1539231466503940,12946,1663,2364
1539231466526394,12947,1653,2367
1539231466548999,12948,1749,2390
1539231466571688,12949,2571,2772
1539231466595699,12950,8222,4150
1539231466624105,12951,1661,2360
1539231466646283,12952,1650,2386
1539231466668754,12953,1716,2400
1539231466691783,12954,2556,2790
1539231466717529,12955,8253,4142
1539231466745497,12956,1639,2376
1539231466768102,12957,1735,2428
1539231466790506,12958,1727,2411
1539231466812520,12959,2568,2767
1539231466837180,12960,8126,4172
1539231466865358,12961,1644,2366
1539231466886901,12962,1615,2382
1539231466908887,12963,1704,2372
1539231466931285,12964,2538,2768
1539231466955544,12965,8257,4141
1539231466984217,12966,1616,2354
1539231467006382,12967,1633,2404
1539231467029269,12968,1740,2448
1539231467052663,12969,2675,2820
1539231467077466,12970,8411,4152
1539231467105953,12971,1653,2380
1539231467128030,12972,1657,2371
1539231467150505,12973,1710,2419
1539231467172435,12974,2583,2794
1539231467196995,12975,8248,4151
1539231467225223,12976,1652,2369
1539231467247341,12977,1655,2381
1539231467269584,12978,1715,2394
1539231467291533,12979,2561,2775
1539231467316032,12980,8259,4120
1539231467344239,12981,1655,2372
1539231467366425,12982,1654,2365
1539231467388786,12983,1724,2398
1539231467411403,12984,2562,2773
1539231467436180,12985,8217,4141
1539231467464248,12986,1649,2360
1539231467487030,12987,1656,2390
1539231467509137,12988,1736,2373
1539231467531898,12989,2572,2769
1539231467556349,12990,8261,4159
1539231467584907,12991,1720,2382
1539231467607496,12992,1693,2400
1539231467629792,12993,1722,2419
1539231467651893,12994,2556,2778
1539231467676102,12995,8311,4135
1539231467705474,12996,1643,2377
1539231467727552,12997,1651,2385
1539231467750366,12998,1716,2406
1539231467773209,12999,2567,2810
1539231467797240,13000,8217,4142
1539231467825849,13001,1691,2396
1539231467848050,13002,1677,2407
1539231467870502,13003,1694,2406
1539231467893091,13004,2553,2773
1539231467917035,13005,8202,4137
1539231467946049,13006,1621,2370
1539231467968264,13007,1638,2361
1539231467990006,13008,1695,2404
1539231468012357,13009,2541,2810
1539231468036732,13010,8633,4218
1539231468066890,13011,1807,2433
1539231468089931,13012,1815,2453
1539231468113772,13013,1890,2474
1539231468137701,13014,2774,2844
1539231468163944,13015,8667,4185
1539231468193179,13016,1717,2383
1539231468215998,13017,1664,2374
1539231468237838,13018,1678,2392
1539231468260387,13019,2527,2788
1539231468284906,13020,8253,4116
1539231468313067,13021,1628,2358
1539231468334462,13022,1626,2394
1539231468356574,13023,1695,2435
1539231468379047,13024,2529,2744
1539231468402898,13025,8284,4127
1539231468431910,13026,1629,2354
1539231468453634,13027,1627,2380
1539231468476253,13028,1703,2380
1539231468498639,13029,2515,2771
1539231468522230,13030,8217,4146
1539231468550966,13031,1608,2392
1539231468572917,13032,1650,2360
1539231468595191,13033,1699,2411
1539231468617461,13034,2536,2783
1539231468641884,13035,8176,4125
1539231468670562,13036,1630,2391
1539231468692636,13037,1652,2362
1539231468714200,13038,1691,2409
1539231468736024,13039,2538,2766
1539231468760085,13040,8260,4231
1539231468788728,13041,1738,2409
1539231468811336,13042,1701,2393
1539231468834323,13043,1743,2412
1539231468857103,13044,2601,2784
1539231468881518,13045,8252,4126
1539231468909696,13046,1619,2363
1539231468932171,13047,1639,2360
1539231468954368,13048,1679,2389
1539231468976884,13049,2532,2774
1539231469001123,13050,8239,4231
1539231469029453,13051,1628,2403
1539231469052581,13052,1774,2406
1539231469075352,13053,1814,2427
1539231469098376,13054,2671,2810
1539231469122048,13055,8553,4148
1539231469150614,13056,1642,2372
1539231469172816,13057,1649,2363
1539231469195813,13058,1732,2410
1539231469218264,13059,2533,2777
1539231469242433,13060,8298,4146
1539231469271258,13061,1620,2366
1539231469293471,13062,1634,2409
1539231469316367,13063,1732,2382
1539231469338314,13064,2557,2770
1539231469362672,13065,8362,4156
1539231469390915,13066,1634,2374
1539231469413208,13067,1649,2366
1539231469435566,13068,1701,2403
1539231469458036,13069,2550,2784
1539231469482381,13070,8255,4138
1539231469510459,13071,1635,2374
1539231469532425,13072,1664,2362
1539231469554948,13073,1708,2417
1539231469577179,13074,2592,2786
1539231469601988,13075,8277,4128
1539231469630327,13076,1640,2373
1539231469653084,13077,1653,2369
1539231469675296,13078,1708,2399
1539231469697859,13079,2532,2777
1539231469721982,13080,8214,4128
1539231469750231,13081,1622,2377
1539231469771850,13082,1786,2461
1539231469794767,13083,1730,2408
1539231469817178,13084,2565,2775
1539231469841304,13085,8275,4146
1539231469869942,13086,1623,2381
1539231469891821,13087,1639,2363
1539231469914843,13088,1685,2405
1539231469936639,13089,2546,2770
1539231469960856,13090,8140,4140
1539231469988828,13091,1641,2358
1539231470011039,13092,1623,2407
1539231470033715,13093,1703,2467
1539231470057201,13094,2792,2839
1539231470083148,13095,8745,4187
1539231470113161,13096,1762,2394
1539231470136330,13097,1736,2384
1539231470159028,13098,1775,2414
1539231470181228,13099,2576,2786
1539231470205239,13100,8214,4133
1539231470233492,13101,1657,2388
1539231470255405,13102,1631,2401
1539231470277904,13103,1699,2399
1539231470300589,13104,2602,2785
1539231470325309,13105,8219,4141
1539231470353611,13106,1625,2380
1539231470376248,13107,1661,2368
1539231470398291,13108,1704,2416
1539231470421081,13109,2564,2787
1539231470445796,13110,8267,4166
1539231470474222,13111,1634,2366
1539231470496105,13112,1658,2371
1539231470518025,13113,1712,2406
1539231470540172,13114,2554,2767
1539231470563372,13115,8323,4143
1539231470592080,13116,1661,2361
1539231470614251,13117,1639,2375
1539231470636939,13118,1718,2395
1539231470659691,13119,2552,2756
1539231470683115,13120,8239,4128
1539231470711405,13121,1634,2348
1539231470733715,13122,1646,2374
1539231470756885,13123,1742,2412
1539231470778865,13124,2576,2779
1539231470803331,13125,8188,4136
1539231470831921,13126,1628,2355
1539231470853963,13127,1625,2420
1539231470876681,13128,1713,2376
1539231470898547,13129,2503,2781
1539231470922855,13130,8176,4151
1539231470950840,13131,1620,2392
1539231470972678,13132,1651,2352
1539231470995353,13133,1689,2391
1539231471017996,13134,2544,2849
1539231471043244,13135,8879,4222
1539231471073340,13136,1831,2424
1539231471097579,13137,1819,2446
1539231471121629,13138,1888,2468
1539231471145658,13139,2748,2837
1539231471171294,13140,8559,4174
1539231471200354,13141,1692,2376
1539231471222568,13142,1631,2388
1539231471244545,13143,1696,2382
1539231471266714,13144,2519,2772
1539231471289929,13145,8260,4139
1539231471318445,13146,1618,2362
1539231471340342,13147,1655,2366
1539231471362918,13148,1686,2398
1539231471384689,13149,2556,2787
1539231471408569,13150,8165,4143
1539231471436661,13151,1625,2365
1539231471458759,13152,1649,2383
1539231471481075,13153,1709,2395
1539231471502798,13154,2528,2789
1539231471527222,13155,8141,4139
1539231471555128,13156,1612,2394
1539231471577106,13157,1735,2398
1539231471599754,13158,1783,2409
1539231471622010,13159,2580,2772
1539231471646607,13160,8260,4155
1539231471675032,13161,1614,2378
1539231471696879,13162,1656,2357
1539231471718712,13163,1692,2396
1539231471740533,13164,2535,2778
1539231471764740,13165,8256,4117
1539231471792795,13166,1634,2384
1539231471815389,13167,1632,2428
1539231471837811,13168,1703,2397
1539231471860657,13169,2707,2776
1539231471885195,13170,8166,4147
1539231471913138,13171,1636,2359
1539231471934831,13172,1620,2405
1539231471956639,13173,1706,2420
1539231471978502,13174,2510,2767
1539231472002190,13175,8261,4217
1539231472031390,13176,1630,2394
1539231472054290,13177,1785,2409
1539231472078341,13178,1846,2439
1539231472102077,13179,2738,2800
1539231472127493,13180,8580,4159
1539231472156379,13181,1723,2401
1539231472179054,13182,1659,2395
1539231472201237,13183,1742,2402
1539231472223172,13184,2591,2756
1539231472247554,13185,8235,4151
1539231472275982,13186,1642,2368
1539231472298111,13187,1645,2384
1539231472320770,13188,1735,2389
1539231472342703,13189,2522,2777
1539231472366793,13190,8262,4132
1539231472395182,13191,1624,2372
1539231472417171,13192,1672,2370
1539231472439040,13193,1704,2403
1539231472461603,13194,2566,2777
1539231472486280,13195,8361,4145
1539231472514786,13196,1626,2364
1539231472536848,13197,1652,2365
1539231472558900,13198,1697,2417
1539231472581482,13199,2531,2783
1539231472605986,13200,8219,4125
1539231472634240,13201,1636,2400
1539231472656032,13202,1666,2403
1539231472678175,13203,1707,2396
1539231472700144,13204,2561,2796
1539231472724415,13205,8281,4126
1539231472753596,13206,1624,2377
1539231472776412,13207,1700,2387
1539231472798880,13208,1717,2411
1539231472821642,13209,2532,2774
1539231472845702,13210,8219,4131
1539231472873953,13211,1621,2382
1539231472896084,13212,1639,2355
1539231472918099,13213,1684,2412
1539231472939989,13214,2547,2761
1539231472964319,13215,8178,4121
1539231472992281,13216,1617,2365
1539231473014600,13217,1630,2418
1539231473036428,13218,1766,2449
1539231473059238,13219,2760,2812
1539231473084710,13220,8766,4206
1539231473114242,13221,1757,2430
1539231473136902,13222,1766,2399
1539231473160219,13223,1787,2426
1539231473182469,13224,2557,2765
1539231473206972,13225,8081,4111
1539231473234704,13226,1611,2373
1539231473257342,13227,1661,2425
1539231473279599,13228,1691,2400
1539231473302043,13229,2504,2782
1539231473326517,13230,8194,4124
1539231473354441,13231,1614,2387
1539231473376074,13232,1632,2361
1539231473398210,13233,1684,2411
1539231473419965,13234,2535,2787
1539231473443661,13235,8251,4137
1539231473472791,13236,1651,2366
1539231473494956,13237,1635,2368
1539231473517524,13238,1687,2405
1539231473540082,13239,2531,2751
1539231473564563,13240,8186,4147
1539231473592722,13241,1724,2378
1539231473615402,13242,1703,2427
1539231473637817,13243,1742,2399
1539231473660445,13244,2584,2780
1539231473684997,13245,8195,4115
1539231473713567,13246,1659,2390
1539231473735791,13247,1642,2364
1539231473758145,13248,1691,2399
1539231473780151,13249,2587,2802
1539231473804456,13250,8157,4155
1539231473833107,13251,1641,2347
1539231473854721,13252,1632,2367
1539231473876931,13253,1701,2380
1539231473899425,13254,2523,2751
1539231473923901,13255,8168,4138
1539231473951809,13256,1636,2357
1539231473974258,13257,1624,2368
1539231473996251,13258,1692,2393
1539231474018620,13259,2527,2801
1539231474043276,13260,8828,4196
1539231474073049,13261,1815,2426
1539231474096643,13262,1831,2427
1539231474120465,13263,1894,2445
1539231474144318,13264,2752,2829
1539231474169566,13265,8647,4161
1539231474199450,13266,1657,2389
1539231474221189,13267,1642,2375
1539231474243784,13268,1693,2392
1539231474265715,13269,2498,2769
1539231474290167,13270,8180,4129
1539231474318266,13271,1617,2372
1539231474340006,13272,1640,2368
1539231474362113,13273,1676,2405
1539231474384510,13274,2521,2788
1539231474408410,13275,8212,4119
1539231474436611,13276,1644,2367
1539231474458485,13277,1664,2385
1539231474480707,13278,1722,2390
1539231474502719,13279,2510,2768
1539231474527072,13280,8122,4136
1539231474554954,13281,1618,2395
1539231474576720,13282,1648,2367
1539231474598490,13283,1678,2388
1539231474620888,13284,2530,2783
1539231474644660,13285,8147,4119
1539231474672800,13286,1741,2361
1539231474695529,13287,1628,2376
1539231474717620,13288,1695,2403
1539231474740053,13289,2548,2767
1539231474764249,13290,8391,4158
1539231474792448,13291,1640,2352
1539231474814182,13292,1629,2377
1539231474836045,13293,1708,2393
1539231474857974,13294,2550,2819
1539231474881210,13295,8290,4147
1539231474910343,13296,1616,2397
1539231474931944,13297,1655,2372
1539231474954769,13298,1703,2418
1539231474977323,13299,2541,2779
1539231475001155,13300,8187,4233
1539231475029521,13301,1624,2397
1539231475052711,13302,1784,2420
1539231475076361,13303,1858,2440
1539231475099287,13304,2742,2811
1539231475124856,13305,8621,4182
1539231475153706,13306,1736,2412
1539231475176168,13307,1677,2363
1539231475198296,13308,1677,2404
1539231475219894,13309,2517,2754
1539231475244156,13310,8225,4145
1539231475272363,13311,1632,2359
1539231475294047,13312,1627,2375
1539231475315927,13313,1702,2395
1539231475338210,13314,2533,2776
1539231475362780,13315,8299,4163
1539231475390866,13316,1618,2391
1539231475413381,13317,1644,2357
1539231475435427,13318,1693,2394
1539231475457940,13319,2576,2802
1539231475481963,13320,8124,4125
1539231475510010,13321,1618,2364
1539231475531742,13322,1624,2388
1539231475553965,13323,1677,2402
1539231475576243,13324,2648,2799
1539231475601036,13325,8545,4158
1539231475630273,13326,1658,2386
1539231475652107,13327,1658,2359
1539231475674356,13328,1682,2393
1539231475696751,13329,2527,2768
1539231475720045,13330,8178,4134
1539231475748189,13331,1646,2376
1539231475770190,13332,1663,2503
1539231475793184,13333,1727,2399
1539231475815915,13334,2685,2770
1539231475840401,13335,8201,4161
1539231475869208,13336,1656,2371
1539231475891484,13337,1621,2384
1539231475913224,13338,1704,2386
1539231475935493,13339,2527,2765
1539231475959402,13340,8179,4152
1539231475987452,13341,1618,2367
1539231476009238,13342,1652,2383
1539231476031529,13343,1700,2448
1539231476054875,13344,2800,2817
1539231476080945,13345,8828,4195
1539231476111337,13346,1773,2432
1539231476135173,13347,1752,2409
1539231476158178,13348,1805,2434
1539231476181207,13349,2575,2794
1539231476205249,13350,8180,4117
1539231476233266,13351,1642,2361
1539231476255202,13352,1613,2400
1539231476277215,13353,1706,2402
1539231476298792,13354,2517,2787
1539231476321796,13355,8263,4123
1539231476350941,13356,1605,2378
1539231476372638,13357,1655,2373
1539231476395639,13358,1694,2394
1539231476418129,13359,2548,2768
1539231476442158,13360,8196,4134
1539231476470366,13361,1617,2366
1539231476492126,13362,1651,2370
1539231476514328,13363,1687,2414
1539231476536727,13364,2539,2791
1539231476561094,13365,8213,4161
1539231476589612,13366,1619,2378
1539231476611774,13367,1637,2356
1539231476634611,13368,1682,2407
1539231476656469,13369,2670,2793
1539231476680996,13370,8138,4135
1539231476708977,13371,1645,2355
1539231476730658,13372,1637,2381
1539231476753057,13373,1709,2423
1539231476775516,13374,2551,2760
1539231476799860,13375,8182,4134
1539231476827722,13376,1614,2357
1539231476850056,13377,1634,2380
1539231476871926,13378,1716,2395
1539231476894442,13379,2497,2779
1539231476918709,13380,8248,4122
1539231476946949,13381,1629,2378
1539231476968647,13382,1653,2366
1539231476990447,13383,1690,2390
1539231477012990,13384,2551,2811
1539231477037582,13385,8921,4204
1539231477068765,13386,1823,2431
1539231477092406,13387,1841,2430
1539231477116746,13388,1907,2441
1539231477140991,13389,2802,2840
1539231477166540,13390,8755,4214
1539231477196140,13391,1734,2402
1539231477218567,13392,1661,2398
1539231477241279,13393,1713,2384
1539231477263900,13394,2555,2769
1539231477288438,13395,8174,4168
1539231477316731,13396,1682,2370
1539231477339176,13397,1633,2371
1539231477361456,13398,1738,2407
1539231477384003,13399,2555,2768
1539231477408395,13400,8302,4156
1539231477436676,13401,1652,2359
1539231477458423,13402,1678,2403
1539231477480808,13403,1708,2379
1539231477503456,13404,2515,2767
1539231477528070,13405,8344,4127
1539231477556471,13406,1674,2311
1539231477579127,13407,1670,2397
1539231477601581,13408,1766,2415
1539231477624691,13409,2609,2790
1539231477649108,13410,8248,4115
1539231477677230,13411,1637,2370
1539231477699298,13412,1618,2377
1539231477720958,13413,1686,2381
1539231477742616,13414,2506,2780
1539231477766145,13415,8331,4150
1539231477795287,13416,1617,2373
1539231477817433,13417,1635,2375
1539231477840079,13418,1702,2393
1539231477862132,13419,2517,2800
1539231477886589,13420,8158,4128
1539231477914889,13421,1625,2373
1539231477936755,13422,1651,2366
1539231477959261,13423,1680,2388
1539231477981002,13424,2547,2782
1539231478005511,13425,8209,4174
1539231478033541,13426,1621,2405
1539231478056913,13427,1871,2422
1539231478080445,13428,1897,2442
1539231478103789,13429,2801,2843
1539231478129865,13430,8897,4215
1539231478159836,13431,1817,2415
1539231478182713,13432,1818,2445
1539231478206074,13433,1883,2448
1539231478230240,13434,2802,2819
1539231478256836,13435,8847,4195
1539231478286196,13436,1732,2427
1539231478309630,13437,1691,2392
1539231478331962,13438,1714,2399
1539231478353896,13439,2507,2752
1539231478378538,13440,8187,4137
1539231478406415,13441,1605,2366
1539231478427806,13442,1627,2368
1539231478449459,13443,1676,2392
1539231478471341,13444,2516,2773
1539231478494801,13445,8260,4123
1539231478523146,13446,1620,2363
1539231478545193,13447,1647,2358
1539231478568017,13448,1699,2411
1539231478590495,13449,2500,2790
1539231478614301,13450,8135,4148
1539231478642413,13451,1638,2368
1539231478664312,13452,1635,2354
1539231478686498,13453,1689,2405
1539231478708519,13454,2531,2787
1539231478732806,13455,8209,4122
1539231478760865,13456,1631,2357
1539231478782895,13457,1628,2408
1539231478804945,13458,1700,2388
1539231478826771,13459,2505,2771
1539231478850621,13460,8197,4153
1539231478878818,13461,1615,2379
1539231478900607,13462,1626,2353
1539231478922770,13463,1685,2389
1539231478945200,13464,2524,2785
1539231478969510,13465,8178,4128
1539231478997545,13466,1622,2380
1539231479020184,13467,1659,2395
1539231479042817,13468,1821,2440
1539231479066835,13469,2768,2813
1539231479092437,13470,8771,4178
1539231479122098,13471,1744,2406
1539231479144387,13472,1744,2399
1539231479167090,13473,1741,2418
1539231479189918,13474,2538,2777
1539231479213840,13475,8189,4138
1539231479242375,13476,1631,2380
1539231479264751,13477,1674,2367
1539231479287748,13478,1709,2385
1539231479310376,13479,2573,2774
1539231479334860,13480,8242,4131
1539231479363012,13481,1638,2382
1539231479384927,13482,1642,2355
1539231479407283,13483,1684,2399
1539231479429287,13484,2536,2769
1539231479453648,13485,8228,4141
1539231479482304,13486,1611,2373
1539231479504233,13487,1643,2370
1539231479526290,13488,1682,2398
1539231479548496,13489,2529,2785
1539231479572937,13490,8359,4174
1539231479601685,13491,1668,2384
1539231479623530,13492,1643,2385
1539231479645971,13493,1687,2398
1539231479668333,13494,2521,2791
1539231479692533,13495,8196,4132
1539231479721006,13496,1628,2356
1539231479743065,13497,1615,2389
1539231479764908,13498,1715,2443
1539231479786905,13499,2530,2771
1539231479810968,13500,8314,4158
1539231479839361,13501,1626,2390
1539231479860967,13502,1756,2371
1539231479883415,13503,1691,2400
1539231479905341,13504,2532,2786
1539231479928686,13505,8269,4126
1539231479957779,13506,1607,2388
1539231479979550,13507,1631,2371
1539231480001426,13508,1839,2597
1539231480025369,13509,2752,2849
1539231480050620,13510,8796,4211
1539231480080067,13511,1767,2408
1539231480103294,13512,1740,2422
1539231480126678,13513,1771,2427
1539231480149237,13514,2613,2779
1539231480173775,13515,8206,4139
1539231480202424,13516,1636,2370
1539231480224536,13517,1686,2378
1539231480247350,13518,1704,2402
1539231480269848,13519,2519,2773
1539231480294807,13520,8251,4162
1539231480323343,13521,1634,2368
1539231480345097,13522,1653,2367
1539231480367081,13523,1700,2353
1539231480389549,13524,2538,2776
1539231480414306,13525,8197,4129
1539231480442561,13526,1634,2374
1539231480465160,13527,1669,2377
1539231480487325,13528,1711,2404
1539231480509994,13529,2528,2781
1539231480534147,13530,8258,4133
1539231480562312,13531,1625,2375
1539231480583901,13532,1673,2366
1539231480605844,13533,1694,2410
1539231480628752,13534,2561,2808
1539231480652838,13535,8337,4129
1539231480682098,13536,1644,2380
1539231480704099,13537,1685,2369
1539231480726875,13538,1695,2418
1539231480748808,13539,2541,2792
1539231480772983,13540,8370,4171
1539231480801352,13541,1655,2364
1539231480823586,13542,1624,2382
1539231480845715,13543,1687,2409
1539231480868060,13544,2563,2826
1539231480892380,13545,8192,4138
1539231480920819,13546,1626,2344
1539231480942821,13547,1623,2377
1539231480964648,13548,1708,2383
1539231480986553,13549,2504,2766
1539231481010838,13550,8306,4210
1539231481039535,13551,1759,2390
1539231481062101,13552,1714,2397
1539231481084712,13553,1783,2411
1539231481107506,13554,2594,2758
1539231481132114,13555,8202,4137
1539231481160311,13556,1653,2367
1539231481182919,13557,1656,2389
1539231481205528,13558,1698,2397
1539231481227431,13559,2552,2777
1539231481252198,13560,8272,4138
1539231481280398,13561,1651,2370
1539231481302678,13562,1633,2387
1539231481324995,13563,1725,2403
1539231481347883,13564,2554,2768
1539231481372671,13565,8302,4124
1539231481401897,13566,1624,2381
1539231481424313,13567,1660,2372
1539231481446793,13568,1699,2401
1539231481468630,13569,2565,2788
1539231481492316,13570,8250,4126
1539231481520420,13571,1655,2361
1539231481542743,13572,1643,2387
1539231481565540,13573,1719,2410
1539231481587843,13574,2713,2819
1539231481614106,13575,8921,4202
1539231481644099,13576,1817,2414
1539231481668086,13577,1829,2414
1539231481691575,13578,1905,2436
1539231481715528,13579,2816,2809
1539231481741180,13580,8843,4206
1539231481770709,13581,1787,2500
1539231481793528,13582,1701,2397
1539231481815725,13583,1734,2393
1539231481837789,13584,2504,2758
1539231481862000,13585,8208,4149
1539231481890004,13586,1617,2368
1539231481912413,13587,1651,2370
1539231481934226,13588,1680,2398
1539231481956122,13589,2548,2793
1539231481980907,13590,8183,4135
1539231482008816,13591,1633,2415
1539231482030659,13592,1638,2409
1539231482053194,13593,1794,2446
1539231482075828,13594,2640,2784
1539231482099391,13595,8407,4144
1539231482127999,13596,1648,2367
1539231482150289,13597,1637,2369
1539231482173209,13598,1757,2405
1539231482196162,13599,2552,2794
1539231482219972,13600,8365,4157
1539231482248402,13601,1659,2362
1539231482270859,13602,1632,2387
1539231482293367,13603,1730,2407
1539231482315586,13604,2618,2781
1539231482340280,13605,8303,4141
1539231482368722,13606,1674,2398
1539231482390566,13607,1636,2384
1539231482413094,13608,1720,2389
1539231482435066,13609,2548,2770
1539231482459082,13610,8229,4138
1539231482487130,13611,1636,2372
1539231482508873,13612,1657,2354
1539231482530782,13613,1697,2397
1539231482553414,13614,2549,2789
1539231482578121,13615,8178,4132
1539231482606745,13616,1635,2367
1539231482629464,13617,1638,2376
1539231482651495,13618,1707,2404
1539231482674285,13619,2587,2774
1539231482699416,13620,8327,4131
1539231482727705,13621,1635,2375
1539231482750235,13622,1647,2378
1539231482772085,13623,1707,2430
1539231482794041,13624,2545,2770
1539231482818539,13625,8290,4107
1539231482847084,13626,1612,2362
1539231482868531,13627,1634,2385
1539231482891290,13628,1710,2418
1539231482913140,13629,2538,2779
1539231482937357,13630,8170,4124
1539231482965689,13631,1613,2366
1539231482987870,13632,1639,2365
1539231483010284,13633,1687,2447
1539231483032830,13634,2563,2861
1539231483058518,13635,8735,4194
1539231483088935,13636,1767,2418
1539231483112350,13637,1769,2405
1539231483135592,13638,1789,2453
1539231483157981,13639,2625,2791
1539231483182627,13640,8245,4129
1539231483210826,13641,1630,2376
1539231483232578,13642,1642,2362
1539231483254798,13643,1769,2429
1539231483277811,13644,2541,2751
1539231483302296,13645,8168,4147
1539231483330473,13646,1660,2388
1539231483353139,13647,1660,2385
1539231483375232,13648,1706,2400
1539231483397791,13649,2515,2783
1539231483421353,13650,8194,4146
1539231483449493,13651,1632,2367
1539231483471386,13652,1637,2396
1539231483493278,13653,1729,2421
1539231483515152,13654,2549,2755
1539231483538604,13655,8299,4166
1539231483568068,13656,1689,2391
1539231483591043,13657,1777,2424
1539231483614815,13658,1827,2439
1539231483638074,13659,2707,2818
1539231483663098,13660,8476,4180
1539231483691680,13661,1652,2370
1539231483713755,13662,1673,2402
1539231483735982,13663,1710,2388
1539231483758512,13664,2546,2785
1539231483782081,13665,8178,4140
1539231483810628,13666,1664,2385
1539231483832874,13667,1681,2374
1539231483855568,13668,1726,2430
1539231483877681,13669,2542,2772
1539231483901637,13670,8165,4117
1539231483929787,13671,1622,2375
1539231483951428,13672,1627,2392
1539231483973953,13673,1691,2400
1539231483996342,13674,2519,2800
1539231484020802,13675,8255,4193
1539231484049938,13676,1770,2438
1539231484073700,13677,1791,2439
1539231484096892,13678,1866,2438
1539231484120329,13679,2708,2813
1539231484146166,13680,8452,4151
1539231484174975,13681,1657,2414
1539231484196972,13682,1656,2372
1539231484219126,13683,1695,2412
1539231484241442,13684,2541,2775
1539231484264484,13685,8271,4096
1539231484292563,13686,1644,2349
1539231484315250,13687,1674,2388
1539231484337410,13688,1727,2411
1539231484360339,13689,2548,2775
1539231484385266,13690,8363,4150
1539231484413783,13691,1636,2379
1539231484435982,13692,1648,2368
1539231484458226,13693,1736,2429
1539231484480865,13694,2597,2785
1539231484505499,13695,8211,4136
1539231484533844,13696,1623,2390
1539231484556185,13697,1689,2387
1539231484578432,13698,1705,2409
1539231484600669,13699,2551,2784
1539231484625069,13700,8212,4152
1539231484653230,13701,1650,2380
1539231484675437,13702,1671,2396
1539231484698560,13703,1713,2395
1539231484721345,13704,2549,2770
1539231484745827,13705,8266,4164
1539231484774187,13706,1682,2405
1539231484797216,13707,1701,2384
1539231484819416,13708,1707,2398
1539231484841820,13709,2506,2785
1539231484866189,13710,8237,4151
1539231484894483,13711,1618,2364
1539231484916099,13712,1647,2372
1539231484938105,13713,1688,2403
1539231484959989,13714,2545,2768
1539231484983781,13715,8259,4148
1539231485012975,13716,1628,2374
1539231485034929,13717,1647,2430
1539231485058213,13718,1885,2470
1539231485082620,13719,2813,2817
1539231485108585,13720,8930,4209
1539231485138386,13721,1788,2429
1539231485161802,13722,1771,2418
1539231485185644,13723,1794,2427
1539231485208045,13724,2616,2789
1539231485232152,13725,8171,4140
1539231485261355,13726,1634,2340
1539231485283357,13727,1630,2393
1539231485305167,13728,1717,2384
1539231485327124,13729,2543,2750
1539231485350840,13730,8237,4138
1539231485378896,13731,1617,2375
1539231485400467,13732,1645,2358
1539231485422960,13733,1685,2388
1539231485445358,13734,2532,2774
1539231485469728,13735,8140,4136
1539231485497938,13736,1624,2388
1539231485520178,13737,1643,2366
1539231485542026,13738,1693,2401
1539231485564620,13739,2521,2781
1539231485588968,13740,8500,4163
1539231485618048,13741,1690,2410
1539231485640008,13742,1704,2380
1539231485662355,13743,1713,2411
1539231485684197,13744,2528,2789
1539231485707591,13745,8306,4138
1539231485736367,13746,1626,2361
1539231485758355,13747,1652,2386
1539231485780529,13748,1740,2399
1539231485802421,13749,2542,2768
1539231485826505,13750,8189,4133
1539231485854620,13751,1613,2381
1539231485876571,13752,1630,2357
1539231485898367,13753,1685,2418
1539231485920079,13754,2532,2758
1539231485944613,13755,8216,4127
1539231485973205,13756,1645,2353
1539231485995019,13757,1625,2373
1539231486017025,13758,1724,2414
1539231486039066,13759,2699,2834
1539231486064589,13760,8829,4211
1539231486094903,13761,1767,2434
1539231486117803,13762,1768,2430
1539231486140961,13763,1815,2409
1539231486164340,13764,2616,2788
1539231486189359,13765,8219,4133
1539231486217282,13766,1621,2362
1539231486239622,13767,1617,2364
1539231486261654,13768,1696,2406
1539231486284210,13769,2540,2791
1539231486308887,13770,8161,4136
1539231486336853,13771,1642,2354
1539231486358930,13772,1621,2382
1539231486380697,13773,1707,2409
1539231486402619,13774,2499,2767
1539231486426779,13775,8211,4128
1539231486455478,13776,1623,2406
1539231486477587,13777,1625,2368
1539231486500284,13778,1704,2387
1539231486522122,13779,2508,2776
1539231486545606,13780,8225,4147
1539231486573633,13781,1614,2386
1539231486595719,13782,1629,2374
1539231486617628,13783,1687,2408
1539231486639612,13784,2557,2772
1539231486664098,13785,8184,4135
1539231486691963,13786,1626,2354
1539231486713613,13787,1666,2385
1539231486736293,13788,1707,2393
1539231486758169,13789,2545,2797
1539231486782323,13790,8188,4153
1539231486810554,13791,1608,2398
1539231486832034,13792,1640,2366
1539231486854544,13793,1688,2360
1539231486876947,13794,2542,2786
1539231486902027,13795,8229,4138
1539231486930173,13796,1626,2376
1539231486952846,13797,1649,2385
1539231486975309,13798,1683,2402
1539231486997619,13799,2505,2841
1539231487022021,13800,8275,4203
1539231487051189,13801,1756,2433
1539231487073945,13802,1766,2428
1539231487096950,13803,1838,2427
1539231487120486,13804,2679,2828
1539231487145144,13805,8503,4180
1539231487173782,13806,1631,2401
1539231487196321,13807,1666,2372
1539231487219015,13808,1698,2409
1539231487241008,13809,2604,2807
1539231487265455,13810,8248,4134
1539231487293561,13811,1624,2386
1539231487315713,13812,1639,2401
1539231487338224,13813,1724,2415
1539231487361063,13814,2600,2795
1539231487385624,13815,8223,4138
1539231487413549,13816,1633,2368
1539231487435908,13817,1650,2352
1539231487458543,13818,1702,2411
1539231487481038,13819,2559,2775
1539231487505521,13820,8233,4131
1539231487533817,13821,1625,2392
1539231487555991,13822,1686,2377
1539231487578807,13823,1886,2457
1539231487603191,13824,2805,2835
1539231487629629,13825,8882,4213
1539231487659299,13826,1816,2432
1539231487683515,13827,1814,2433
1539231487706794,13828,1870,2459
1539231487730952,13829,2753,2809
1539231487755650,13830,8630,4236
1539231487785073,13831,1784,2628
1539231487807257,13832,1634,2410
1539231487829794,13833,1694,2399
1539231487852183,13834,2540,2786
1539231487876136,13835,8273,4107
1539231487905193,13836,1622,2362
1539231487927318,13837,1623,2392
1539231487949625,13838,1682,2409
1539231487972185,13839,2539,2778
1539231487996012,13840,8202,4196
1539231488024068,13841,1658,2390
1539231488046574,13842,1774,2443
1539231488070771,13843,1834,2472
1539231488093820,13844,2720,2813
1539231488119296,13845,8536,4186
1539231488148376,13846,1712,2386
1539231488171064,13847,1662,2390
1539231488193435,13848,1722,2406
1539231488215845,13849,2538,2770
1539231488240140,13850,8232,4152
1539231488268289,13851,1652,2367
1539231488289935,13852,1636,2377
1539231488312780,13853,1780,2430
1539231488336048,13854,2594,2796
1539231488360750,13855,8228,4162
1539231488388664,13856,1622,2353
1539231488411086,13857,1624,2371
1539231488432901,13858,1698,2380
1539231488454746,13859,2495,2806
1539231488479184,13860,8168,4116
1539231488507301,13861,1612,2371
1539231488529109,13862,1647,2373
1539231488550935,13863,1687,2413
1539231488572974,13864,2560,2779
1539231488597141,13865,8237,4144
1539231488626183,13866,1629,2374
1539231488647709,13867,1621,2395
1539231488670440,13868,1690,2426
1539231488693004,13869,2555,2791
1539231488717062,13870,8147,4139
1539231488745011,13871,1640,2359
1539231488767258,13872,1625,2424
1539231488789783,13873,1698,2416
1539231488811790,13874,2536,2776
1539231488836039,13875,8160,4133
1539231488863922,13876,1629,2353
1539231488885957,13877,1625,2378
1539231488908161,13878,1702,2402
1539231488929987,13879,2515,2767
1539231488953189,13880,8251,4129
1539231488981977,13881,1615,2381
1539231489003747,13882,1630,2399
1539231489026554,13883,1698,2433
1539231489049831,13884,2748,2809
1539231489075203,13885,8729,4190
1539231489104404,13886,1763,2388
1539231489127700,13887,1759,2401
1539231489151027,13888,1770,2421
1539231489173448,13889,2549,2796
1539231489198231,13890,8143,4129
1539231489226349,13891,1609,2385
1539231489247818,13892,1664,2368
1539231489269891,13893,1687,2380
1539231489292352,13894,2522,2801
1539231489316650,13895,8279,4122
1539231489345210,13896,1642,2354
1539231489367437,13897,1633,2326
1539231489390431,13898,1687,2391
1539231489412833,13899,2535,2778
1539231489436825,13900,8191,4130
1539231489465077,13901,1642,2363
1539231489487326,13902,1623,2377
1539231489509914,13903,1694,2392
1539231489531932,13904,2532,2768
1539231489556379,13905,8287,4133
1539231489584540,13906,1696,2402
1539231489607448,13907,1712,2402
1539231489629764,13908,1761,2416
1539231489651933,13909,2583,2737
1539231489676535,13910,8178,4072
1539231489705027,13911,1637,2355
1539231489726645,13912,1628,2374
1539231489749153,13913,1694,2380
1539231489771279,13914,2601,2768
1539231489795865,13915,8144,4137
1539231489824221,13916,1664,2355
1539231489846589,13917,1621,2380
1539231489868487,13918,1699,2378
1539231489890643,13919,2515,2764
1539231489914767,13920,8198,4133
1539231489942833,13921,1613,2362
1539231489964335,13922,1641,2378
1539231489986503,13923,1686,2402
1539231490008769,13924,2534,2828
1539231490033148,13925,8782,4217
1539231490062909,13926,1815,2444
1539231490086369,13927,1814,2449
1539231490110575,13928,1885,2450
1539231490134783,13929,2812,2822
1539231490161151,13930,8932,4218
1539231490191908,13931,1824,2417
1539231490215474,13932,1794,2443
1539231490238882,13933,1821,2441
1539231490262272,13934,2642,2798
1539231490287205,13935,8289,4140
1539231490315549,13936,1626,2375
1539231490337809,13937,1658,2394
1539231490359762,13938,1771,2401
1539231490381783,13939,2543,2784
1539231490405832,13940,8249,4137
1539231490433934,13941,1624,2373
1539231490455517,13942,1637,2381
1539231490478114,13943,1730,2407
1539231490500472,13944,2543,2785
1539231490524975,13945,8450,4159
1539231490553323,13946,1652,2369
1539231490575895,13947,1651,2361
1539231490597991,13948,1693,2393
1539231490620466,13949,2536,2785
1539231490644323,13950,8244,4138
1539231490672669,13951,1748,2395
1539231490694794,13952,1665,2408
1539231490717186,13953,1733,2391
1539231490739481,13954,2559,2774
1539231490762553,13955,8368,4091
1539231490790731,13956,1630,2360
1539231490812333,13957,1645,2366
1539231490834977,13958,1684,2405
1539231490857568,13959,2543,2791
1539231490881497,13960,8181,4137
1539231490909695,13961,1617,2383
1539231490931750,13962,1626,2382
1539231490953831,13963,1689,2430
1539231490975638,13964,2563,2768
1539231491000244,13965,8185,4198
1539231491028534,13966,1644,2389
1539231491051601,13967,1758,2451
1539231491075099,13968,1831,2443
1539231491098420,13969,2699,2816
1539231491123703,13970,8492,4155
1539231491152363,13971,1730,2427
1539231491174648,13972,1644,2385
1539231491196991,13973,1724,2387
1539231491219652,13974,2550,2763
1539231491243915,13975,8246,4195
1539231491272484,13976,1666,2370
1539231491294973,13977,1639,2387
1539231491317289,13978,1712,2423
1539231491339457,13979,2590,2768
1539231491364210,13980,8282,4144
1539231491392566,13981,1648,2357
1539231491414673,13982,1631,2388
1539231491436664,13983,1703,2397
1539231491458755,13984,2576,2774
1539231491482724,13985,8282,4134
1539231491511097,13986,1637,2377
1539231491532756,13987,1661,2376
1539231491554768,13988,1700,2344
1539231491577227,13989,2814,2823
1539231491602544,13990,8935,4196
1539231491632499,13991,1824,2416
1539231491655787,13992,1856,2441
1539231491679642,13993,1895,2447
1539231491703246,13994,2805,2825
1539231491729662,13995,8892,4213
1539231491759513,13996,1814,2434
1539231491782846,13997,1805,2441
1539231491805966,13998,1841,2447
1539231491829621,13999,2672,2815
1539231491854774,14000,8417,4158
1539231491883120,14001,1624,2377
1539231491904684,14002,1637,2358
1539231491926754,14003,1675,2385
1539231491949033,14004,2510,2777
1539231491973302,14005,8247,4107
1539231492001221,14006,1627,2379
1539231492023620,14007,1654,2409
1539231492046983,14008,1889,2467
1539231492070379,14009,2782,2835
1539231492096734,14010,8946,4212
1539231492126661,14011,1803,2448
1539231492149661,14012,1824,2453
1539231492173107,14013,1901,2468
1539231492196862,14014,2762,2836
1539231492222021,14015,8641,4172
1539231492251595,14016,1676,2390
1539231492273643,14017,1633,2376
1539231492296257,14018,1718,2388
1539231492318230,14019,2513,2763
1539231492342807,14020,8264,4131
1539231492370967,14021,1659,2388
1539231492392953,14022,1643,2369
1539231492415333,14023,1700,2400
1539231492437979,14024,2539,2779
1539231492462448,14025,8331,4157
1539231492491843,14026,1661,2370
1539231492514121,14027,1650,2375
1539231492536154,14028,1723,2382
1539231492558722,14029,2558,2781
1539231492582980,14030,8200,4133
1539231492611186,14031,1630,2379
1539231492633067,14032,1646,2354
1539231492655176,14033,1736,2382
1539231492678021,14034,2529,2766
1539231492702997,14035,8216,4150
1539231492731354,14036,1632,2374
1539231492753846,14037,1637,2321
1539231492776069,14038,1900,2439
1539231492799944,14039,2798,2840
1539231492826262,14040,8936,4208
1539231492856093,14041,1843,2353
1539231492878929,14042,1794,2433
1539231492902004,14043,1824,2426
1539231492925691,14044,2649,2809
1539231492950720,14045,8355,4146
1539231492979506,14046,1607,2370
1539231493001341,14047,1645,2374
1539231493024408,14048,1724,2415
1539231493046972,14049,2802,2828
1539231493072878,14050,8914,4208
1539231493103041,14051,1809,2447
1539231493126627,14052,1813,2434
1539231493150698,14053,1883,2459
1539231493174314,14054,2793,2823
1539231493200782,14055,8939,4211
1539231493231178,14056,1771,2419
1539231493254407,14057,1740,2461
1539231493277628,14058,1759,2413
1539231493300058,14059,2560,2771
1539231493323960,14060,8296,4153
1539231493352504,14061,1638,2353
1539231493374386,14062,1654,2377
1539231493397147,14063,1727,2381
1539231493419298,14064,2555,2758
1539231493444099,14065,8238,4148
1539231493472453,14066,1660,2367
1539231493495240,14067,1638,2386
1539231493517388,14068,1715,2396
1539231493539875,14069,2542,2776
1539231493564088,14070,8325,4159
1539231493592739,14071,1701,2375
1539231493615332,14072,1648,2387
1539231493637138,14073,1718,2397
1539231493659270,14074,2566,2772
1539231493682417,14075,8287,4141
1539231493711506,14076,1633,2394
1539231493734063,14077,1641,2384
1539231493756405,14078,1754,2399
1539231493778579,14079,2545,2784
1539231493802706,14080,8230,4141
1539231493831092,14081,1621,2373
1539231493853173,14082,1640,2388
1539231493875799,14083,1708,2390
1539231493897637,14084,2514,2787
1539231493921774,14085,8184,4144
1539231493949594,14086,1615,2379
1539231493971364,14087,1621,2388
1539231493993381,14088,1699,2430
1539231494015439,14089,2568,2803
1539231494039939,14090,8723,4219
1539231494069437,14091,1778,2426
1539231494092391,14092,1807,2414
1539231494115879,14093,1836,2419
1539231494138723,14094,2660,2809
1539231494164051,14095,8336,4154
1539231494192366,14096,1657,2359
1539231494214466,14097,1615,2378
1539231494236242,14098,1701,2400
1539231494258684,14099,2529,2783
1539231494282878,14100,8203,4142
1539231494311113,14101,1613,2371
1539231494332801,14102,1644,2357
1539231494354652,14103,1685,2412
1539231494376557,14104,2546,2776
1539231494400355,14105,8242,4125
1539231494429371,14106,1644,2374
1539231494450988,14107,1636,2391
1539231494474015,14108,1698,2396
1539231494495957,14109,2518,2753
1539231494520552,14110,8209,4136
1539231494548747,14111,1646,2360
1539231494571017,14112,1627,2382
1539231494593336,14113,1715,2395
1539231494615312,14114,2562,2765
1539231494639582,14115,8179,4145
1539231494667972,14116,1639,2363
1539231494690012,14117,1623,2371
1539231494712102,14118,1701,2426
1539231494733861,14119,2525,2773
1539231494757948,14120,8167,4203
1539231494786532,14121,1629,2382
1539231494808389,14122,1643,2361
1539231494831195,14123,1686,2396
1539231494853274,14124,2523,2811
1539231494877655,14125,8136,4153
1539231494906062,14126,1619,2368
1539231494928495,14127,1638,2367
1539231494950481,14128,1675,2408
1539231494972963,14129,2524,2779
1539231494996706,14130,8212,4178
1539231495025851,14131,1800,2450
1539231495049150,14132,1826,2464
1539231495072625,14133,1910,2458
1539231495096262,14134,2810,2833
1539231495122091,14135,9004,4215
1539231495153450,14136,1802,2467
1539231495176884,14137,1849,2435
1539231495200737,14138,1897,2455
1539231495224226,14139,2804,2834
1539231495250543,14140,8953,4212
1539231495280518,14141,1853,2445
1539231495304200,14142,1844,2429
1539231495328194,14143,1901,2455
1539231495351504,14144,2832,2821
1539231495377641,14145,8929,4195
1539231495407546,14146,1807,2439
1539231495431405,14147,1832,2435
1539231495454806,14148,1917,2430
1539231495477974,14149,2800,2830
1539231495503756,14150,8917,4194
1539231495533792,14151,1807,2455
1539231495557257,14152,1868,2440
1539231495581238,14153,1911,2464
1539231495605425,14154,2793,2823
1539231495631893,14155,8914,4211
1539231495661616,14156,1809,2429
1539231495685755,14157,1826,2427
1539231495709289,14158,1915,2469
1539231495733606,14159,2784,2832
1539231495759464,14160,8924,4244
1539231495789438,14161,1776,2426
1539231495813100,14162,1765,2404
1539231495835872,14163,1778,2420
1539231495858288,14164,2580,2824
1539231495882322,14165,8229,4122
1539231495910779,14166,1610,2371
1539231495932693,14167,1632,2353
1539231495955217,14168,1674,2457
1539231495977198,14169,2547,2774
1539231496001043,14170,8202,4246
1539231496029328,14171,1658,2387
1539231496052226,14172,1825,2440
1539231496075912,14173,1903,2447
1539231496099396,14174,2825,2826
1539231496125137,14175,8894,4206
1539231496155491,14176,1811,2463
1539231496179291,14177,1822,2448
1539231496203113,14178,1883,2477
1539231496226431,14179,2758,2826
1539231496252355,14180,8712,4170
1539231496281419,14181,1685,2394
1539231496303543,14182,1648,2366
1539231496326023,14183,1701,2399
1539231496348818,14184,2563,2782
1539231496373258,14185,8334,4137
1539231496401290,14186,1637,2360
1539231496423907,14187,1647,2361
1539231496446173,14188,1713,2416
1539231496468784,14189,2601,2809
1539231496493832,14190,8252,4147
1539231496521993,14191,1630,2392
1539231496543796,14192,1652,2363
1539231496566165,14193,1704,2404
1539231496588819,14194,2609,2792
1539231496613233,14195,8314,4151
1539231496642630,14196,1660,2387
1539231496664644,14197,1659,2371
1539231496687393,14198,1706,2397
1539231496710306,14199,2583,2806
1539231496734828,14200,8235,4142
1539231496762876,14201,1625,2437
1539231496785573,14202,1678,2385
1539231496808335,14203,1735,2394
1539231496830612,14204,2523,2774
1539231496854161,14205,8205,4134
1539231496882883,14206,1618,2385
1539231496905063,14207,1654,2357
1539231496926796,14208,1677,2394
1539231496949116,14209,2546,2776
1539231496972380,14210,8210,4139
1539231497000536,14211,1638,2389
1539231497022581,14212,1644,2410
1539231497045603,14213,1847,2447
1539231497069707,14214,2775,2827
1539231497095091,14215,8756,4195
1539231497124301,14216,1773,2395
1539231497147629,14217,1727,2428
1539231497170962,14218,1746,2421
1539231497192986,14219,2545,2771
1539231497216837,14220,8149,4128
1539231497244748,14221,1636,2342
1539231497266440,14222,1632,2397
1539231497288263,14223,1704,2394
1539231497310206,14224,2528,2784
1539231497334057,14225,8237,4115
1539231497362857,14226,1626,2376
1539231497385435,14227,1631,2397
1539231497408160,14228,1718,2392
1539231497430721,14229,2514,2782
1539231497454524,14230,8242,4119
1539231497483033,14231,1635,2364
1539231497504829,14232,1634,2360
1539231497527089,14233,1688,2399
1539231497548817,14234,2529,2815
1539231497573085,14235,8190,4152
1539231497601299,14236,1666,2368
1539231497623560,14237,1636,2364
1539231497646124,14238,1675,2385
1539231497668317,14239,2535,2789
1539231497692655,14240,8178,4135
1539231497720582,14241,1632,2361
1539231497742097,14242,1625,2364
1539231497764714,14243,1719,2432
1539231497786785,14244,2518,2781
1539231497811105,14245,8246,4123
1539231497839608,14246,1615,2360
1539231497862020,14247,1627,2373
1539231497883911,14248,1700,2390
1539231497906328,14249,2500,2768
1539231497930670,14250,8179,4146
1539231497958646,14251,1610,2383
1539231497980528,14252,1639,2372
1539231498002189,14253,1683,2439
1539231498024786,14254,2606,2836
1539231498049960,14255,8736,4181
1539231498080026,14256,1738,2395
1539231498102766,14257,1715,2390
1539231498125966,14258,1749,2410
1539231498148097,14259,2559,2774
1539231498172609,14260,8320,4147
1539231498201075,14261,1640,2354
1539231498223063,14262,1649,2390
1539231498245185,14263,1734,2404
1539231498266989,14264,2543,2772
1539231498291463,14265,8259,4130
1539231498320715,14266,1640,2367
1539231498342581,14267,1670,2378
1539231498364649,14268,1723,2383
1539231498386510,14269,2521,2770
1539231498410711,14270,8208,4127
1539231498439039,14271,1628,2374
1539231498460882,14272,1654,2363
1539231498483533,14273,1710,2404
1539231498505613,14274,2527,2773
1539231498530040,14275,8262,4134
1539231498558507,14276,1660,2378
1539231498581338,14277,1670,2366
1539231498603400,14278,1697,2402
1539231498625837,14279,2516,2766
1539231498649994,14280,8249,4125
1539231498678005,14281,1663,2386
1539231498700108,14282,1670,2378
1539231498722247,14283,1701,2408
1539231498745019,14284,2557,2804
1539231498769065,14285,8451,4145
1539231498798471,14286,1625,2391
1539231498820153,14287,1641,2369
1539231498842726,14288,1694,2400
1539231498865122,14289,2521,2781
1539231498889191,14290,8223,4138
1539231498917735,14291,1616,2388
1539231498939824,14292,1650,2368
1539231498961926,14293,1685,2396
1539231498983642,14294,2540,2771
1539231499007951,14295,8237,4190
1539231499036126,14296,1783,2432
1539231499059520,14297,1825,2431
1539231499082682,14298,1890,2459
1539231499106138,14299,2793,2815
1539231499131867,14300,8923,4207
1539231499161981,14301,1804,2436
1539231499185284,14302,1844,2428
1539231499209207,14303,1896,2455
1539231499232697,14304,2753,2819
1539231499258709,14305,8509,4160
1539231499287234,14306,1645,2374
1539231499309301,14307,1641,2366
1539231499331513,14308,1704,2404
1539231499354095,14309,2546,2786
1539231499378128,14310,8220,4119
1539231499406537,14311,1624,2381
1539231499428915,14312,1646,2370
1539231499450931,14313,1706,2403
1539231499473083,14314,2569,2787
1539231499496183,14315,8283,4140
1539231499525447,14316,1643,2365
1539231499547198,14317,1635,2386
1539231499569980,14318,1837,2413
1539231499594047,14319,2795,2826
1539231499620275,14320,8919,4197
1539231499650517,14321,1794,2439
1539231499673895,14322,1783,2431
1539231499697607,14323,1813,2440
1539231499720579,14324,2634,2796
1539231499745255,14325,8247,4152
1539231499774444,14326,1705,2410
1539231499796883,14327,1732,2394
1539231499819387,14328,1738,2440
1539231499842059,14329,2524,2774
1539231499866375,14330,8208,4151
1539231499894293,14331,1612,2367
1539231499916341,14332,1641,2354
1539231499938448,14333,1681,2391
1539231499960809,14334,2528,2790
1539231499984947,14335,8181,4129
1539231500012948,14336,1634,2385
1539231500035668,14337,1639,2450
1539231500059021,14338,1904,2468
1539231500083217,14339,2808,2814
1539231500109548,14340,8919,4207
1539231500139707,14341,1827,2415
1539231500162453,14342,1777,2429
1539231500185176,14343,1831,2436
1539231500207831,14344,2636,2774
1539231500232347,14345,8339,4133
1539231500261477,14346,1621,2371
1539231500283646,14347,1639,2381
1539231500306225,14348,1692,2399
1539231500328223,14349,2533,2805
1539231500352775,14350,8339,4140
1539231500381070,14351,1639,2360
1539231500403370,14352,1641,2387
1539231500425355,14353,1712,2421
1539231500447716,14354,2557,2771
1539231500472730,14355,8326,4134
1539231500501138,14356,1672,2351
1539231500523317,14357,1636,2381
1539231500545773,14358,1704,2414
1539231500568190,14359,2554,2790
1539231500592216,14360,8418,4145
1539231500620688,14361,1678,2372
1539231500642627,14362,1642,2381
1539231500665449,14363,1735,2403
1539231500687916,14364,2567,2752
1539231500712474,14365,8235,4145
1539231500741114,14366,1660,2364
1539231500763901,14367,1667,2441
1539231500786155,14368,1709,2411
1539231500808838,14369,2523,2805
1539231500832794,14370,8180,4136
1539231500860793,14371,1633,2360
1539231500882480,14372,1628,2398
1539231500904651,14373,1702,2386
1539231500926445,14374,2506,2786
1539231500950535,14375,8241,4135
1539231500979678,14376,1617,2369
1539231501002173,14377,1619,2407
1539231501024154,14378,1725,2430
1539231501046624,14379,2786,2806
1539231501071356,14380,8935,4198
1539231501102054,14381,1808,2442
1539231501125411,14382,1801,2443
1539231501148697,14383,1865,2440
1539231501171559,14384,2711,2791
1539231501196901,14385,8349,4145
1539231501225098,14386,1631,2357
1539231501247206,14387,1649,2380
1539231501269429,14388,1710,2425
1539231501292087,14389,2550,2757
1539231501316456,14390,8180,4133
1539231501344640,14391,1671,2371
1539231501366754,14392,1663,2426
1539231501389254,14393,1705,2380
1539231501411875,14394,2553,2773
1539231501436225,14395,8221,4146
1539231501464220,14396,1654,2358
1539231501486830,14397,1645,2389
1539231501508834,14398,1716,2389
1539231501530753,14399,2540,2785
1539231501555097,14400,8380,4159
1539231501583532,14401,1664,2412
1539231501605475,14402,1663,2381
1539231501627403,14403,1703,2405
1539231501649270,14404,2548,2791
1539231501673285,14405,8314,4152
1539231501702380,14406,1639,2392
1539231501724997,14407,1660,2355
1539231501746883,14408,1708,2412
1539231501768954,14409,2633,2767
1539231501793285,14410,8290,4088
1539231501821235,14411,1629,2311
1539231501843134,14412,1626,2398
1539231501865431,14413,1685,2409
1539231501887293,14414,2556,2776
1539231501911863,14415,8192,4137
1539231501939815,14416,1637,2359
1539231501961916,14417,1624,2365
1539231501984370,14418,1709,2390
1539231502006225,14419,2518,2828
1539231502030785,14420,8484,4219
1539231502061052,14421,1798,2425
1539231502083886,14422,1814,2422
1539231502107270,14423,1854,2456
1539231502130804,14424,2731,2797
1539231502156374,14425,8525,4174
1539231502184855,14426,1661,2363
1539231502207189,14427,1642,2371
1539231502229010,14428,1741,2392
1539231502251680,14429,2548,2788
1539231502275938,14430,8206,4134
1539231502304222,14431,1647,2352
1539231502326415,14432,1643,2400
1539231502348746,14433,1736,2394
1539231502370693,14434,2567,2795
1539231502394901,14435,8313,4138
1539231502423157,14436,1629,2387
1539231502444993,14437,1660,2375
1539231502467790,14438,1722,2401
1539231502490233,14439,2544,2760
1539231502514602,14440,8232,4135
1539231502543013,14441,1637,2372
1539231502565595,14442,1635,2384
1539231502588160,14443,1716,2383
1539231502610448,14444,2555,2786
1539231502634868,14445,8245,4141
1539231502662929,14446,1632,2366
1539231502685254,14447,1669,2371
1539231502707454,14448,1698,2386
1539231502730037,14449,2540,2798
1539231502754684,14450,8224,4196
1539231502782833,14451,1627,2396
1539231502804746,14452,1651,2356
1539231502827233,14453,1688,2405
1539231502849786,14454,2522,2777
1539231502874115,14455,8167,4126
1539231502902096,14456,1630,2360
1539231502924522,14457,1650,2371
1539231502946939,14458,1680,2407
1539231502968918,14459,2531,2788
1539231502993632,14460,8167,4177
1539231503021783,14461,1629,2400
1539231503043905,14462,1829,2426
1539231503067057,14463,1880,2458
1539231503090575,14464,2787,2840
1539231503115875,14465,9044,4201
1539231503146988,14466,1775,2427
1539231503170252,14467,1750,2430
1539231503193358,14468,1781,2436
1539231503215630,14469,2556,2750
1539231503239872,14470,8217,4147
1539231503268935,14471,1662,2365
1539231503291016,14472,1640,2390
1539231503313558,14473,1700,2417
1539231503335897,14474,2586,2778
1539231503360725,14475,8259,4108
1539231503389369,14476,1651,2343
1539231503411623,14477,1635,2386
1539231503433326,14478,1710,2391
1539231503455151,14479,2585,2793
1539231503479620,14480,8231,4139
1539231503508453,14481,1660,2365
1539231503530446,14482,1635,2377
1539231503552999,14483,1723,2419
1539231503576035,14484,2799,2845
1539231503602441,14485,8886,4223
1539231503632286,14486,1828,2415
1539231503656573,14487,1850,2427
1539231503680442,14488,1896,2461
1539231503704614,14489,2809,2841
1539231503731232,14490,8785,4206
1539231503760624,14491,1766,2408
1539231503783666,14492,1707,2417
1539231503805999,14493,1714,2413
1539231503828782,14494,2541,2783
1539231503852798,14495,8353,4152
1539231503882022,14496,1614,2372
1539231503903567,14497,1617,2377
1539231503926405,14498,1690,2398
1539231503948779,14499,2531,2774
1539231503972973,14500,8226,4132
1539231504001210,14501,1634,2385
1539231504023592,14502,1676,2428
1539231504046802,14503,1768,2420
1539231504069081,14504,2629,2802
1539231504093921,14505,8228,4138
1539231504122917,14506,1625,2383
1539231504145362,14507,1648,2364
1539231504167752,14508,1714,2382
1539231504190353,14509,2551,2784
1539231504214700,14510,8248,4146
1539231504243034,14511,1629,2386
1539231504264639,14512,1660,2371
1539231504286615,14513,1702,2393
1539231504309344,14514,2572,2766
1539231504333953,14515,8280,4132
1539231504362088,14516,1617,2377
1539231504384692,14517,1635,2381
1539231504406545,14518,1688,2407
1539231504428928,14519,2541,2786
1539231504453327,14520,8228,4127
1539231504481265,14521,1638,2365
1539231504502776,14522,1631,2381
1539231504524655,14523,1695,2393
1539231504547185,14524,2517,2770
1539231504570129,14525,8247,4129
1539231504599225,14526,1611,2382
1539231504620929,14527,1648,2353
1539231504643579,14528,1695,2409
1539231504666138,14529,2523,2773
1539231504690531,14530,8159,4122
1539231504718879,14531,1627,2380
1539231504740646,14532,1648,2362
1539231504762535,14533,1695,2426
1539231504784913,14534,2571,2793
1539231504809717,14535,8146,4130
1539231504837807,14536,1619,2366
1539231504859878,14537,1658,2365
1539231504882110,14538,1696,2423
1539231504904079,14539,2545,2768
1539231504928312,14540,8178,4130
1539231504956514,14541,1652,2354
1539231504978282,14542,1625,2375
1539231505000778,14543,1696,2417
1539231505023516,14544,2551,2799
1539231505048766,14545,9068,4211
1539231505078718,14546,1809,2435
1539231505103045,14547,1827,2437
1539231505126605,14548,1890,2465
1539231505150580,14549,2766,2857
1539231505176595,14550,8637,4183
1539231505205753,14551,1683,2384
1539231505228368,14552,1663,2376
1539231505250548,14553,1700,2410
1539231505272474,14554,2531,2779
1539231505296422,14555,8253,4131
1539231505325511,14556,1617,2365
1539231505347084,14557,1647,2389
1539231505369720,14558,1725,2411
1539231505392391,14559,2521,2783
1539231505416132,14560,8166,4132
1539231505444827,14561,1623,2362
1539231505466765,14562,1641,2372
1539231505489127,14563,1700,2392
1539231505511055,14564,2525,2762
1539231505535553,14565,8216,4141
1539231505563593,14566,1623,2367
1539231505585718,14567,1740,2376
1539231505608988,14568,1791,2410
1539231505632135,14569,2618,2800
1539231505656759,14570,8301,4137
1539231505685426,14571,1616,2351
1539231505707249,14572,1633,2378
1539231505729753,14573,1686,2390
1539231505752236,14574,2555,2842
1539231505775863,14575,8672,4267
1539231505804736,14576,1661,2357
1539231505826928,14577,1636,2382
1539231505849096,14578,1707,2389
1539231505871426,14579,2532,2774
1539231505895841,14580,8184,4137
1539231505923803,14581,1639,2373
1539231505945871,14582,1624,2389
1539231505967743,14583,1703,2391
1539231505990388,14584,2525,2777
1539231506014049,14585,8277,4216
1539231506043530,14586,1744,2399
1539231506066690,14587,1787,2427
1539231506090599,14588,1827,2442
1539231506113482,14589,2698,2805
1539231506138078,14590,8462,4144
1539231506166654,14591,1643,2385
1539231506188551,14592,1677,2373
1539231506211481,14593,1713,2407
1539231506233488,14594,2588,2797
1539231506258064,14595,8275,4131
1539231506286110,14596,1624,2387
1539231506308308,14597,1651,2358
1539231506330220,14598,1710,2405
1539231506352735,14599,2627,2809
1539231506377104,14600,8203,4165
1539231506405191,14601,1653,2370
1539231506427167,14602,1639,2369
1539231506449589,14603,1693,2400
1539231506472212,14604,2631,2782
1539231506497301,14605,8373,4121
1539231506526105,14606,1626,2382
1539231506548730,14607,1662,2373
1539231506570550,14608,1705,2417
1539231506593216,14609,2534,2787
1539231506617626,14610,8205,4123
1539231506645783,14611,1633,2379
1539231506667282,14612,1641,2391
1539231506689453,14613,1735,2438
1539231506711434,14614,2578,2809
1539231506735495,14615,8282,4143
1539231506764264,14616,1643,2433
1539231506786518,14617,1624,2385
1539231506808384,14618,1707,2391
1539231506830455,14619,2523,2776
1539231506854390,14620,8198,4130
1539231506882628,14621,1616,2377
1539231506904474,14622,1636,2372
1539231506926475,14623,1688,2396
1539231506948531,14624,2552,2803
1539231506972772,14625,8207,4114
1539231507001869,14626,1611,2401
1539231507023926,14627,1676,2393
1539231507046415,14628,1800,2427
1539231507069139,14629,2669,2823
1539231507094411,14630,8437,4170
1539231507124129,14631,1674,2369
1539231507146093,14632,1632,2379
1539231507169323,14633,1713,2405
1539231507191134,14634,2537,2750
1539231507215410,14635,8130,4133
1539231507243323,14636,1611,2367
1539231507265301,14637,1641,2384
1539231507287109,14638,1691,2415
1539231507309802,14639,2510,2782
1539231507334269,14640,8182,4143
1539231507362385,14641,1626,2370
1539231507384078,14642,1651,2370
1539231507406156,14643,1689,2399
1539231507428536,14644,2561,2774
1539231507452809,14645,8311,4145
1539231507481824,14646,1621,2388
1539231507504422,14647,1655,2372
1539231507526110,14648,1678,2417
1539231507548585,14649,2584,2777
1539231507573110,14650,8482,4160
1539231507603074,14651,1702,2396
1539231507625472,14652,1690,2394
1539231507647869,14653,1730,2396
1539231507669806,14654,2539,2775
1539231507694044,14655,8151,4138
1539231507722074,14656,1616,2386
1539231507744044,14657,1641,2373
1539231507766376,14658,1806,2485
1539231507788936,14659,2550,2702
1539231507812952,14660,8369,4093
1539231507841116,14661,1645,2353
1539231507863032,14662,1664,2389
1539231507885297,14663,1712,2410
1539231507908029,14664,2512,2760
1539231507932535,14665,8176,4114
1539231507960365,14666,1633,2359
1539231507982800,14667,1620,2379
1539231508005293,14668,1695,2426
1539231508027905,14669,2541,2795
1539231508052934,14670,8718,4187
1539231508082408,14671,1747,2417
1539231508105597,14672,1738,2425
1539231508128301,14673,1785,2408
1539231508150809,14674,2584,2810
1539231508174849,14675,8296,4137
1539231508204197,14676,1657,2358
1539231508226129,14677,1637,2381
1539231508247995,14678,1710,2381
1539231508269829,14679,2530,2806
1539231508293821,14680,8271,4144
1539231508322178,14681,1624,2387
1539231508344212,14682,1663,2378
1539231508366966,14683,1727,2410
1539231508388804,14684,2545,2782
1539231508413603,14685,8248,4126
1539231508442254,14686,1642,2385
1539231508464192,14687,1667,2368
1539231508486139,14688,1694,2412
1539231508507985,14689,2560,2773
1539231508531113,14690,8262,4128
1539231508560063,14691,1638,2363
1539231508581595,14692,1640,2384
1539231508603794,14693,1715,2387
1539231508626318,14694,2510,2782
1539231508650725,14695,8404,4148
1539231508679031,14696,1638,2390
1539231508701653,14697,1642,2381
1539231508724147,14698,1732,2403
1539231508746410,14699,2515,2784
1539231508770551,14700,8654,4182
1539231508799977,14701,1788,2416
1539231508823273,14702,1779,2434
1539231508846158,14703,1822,2454
1539231508868964,14704,2675,2810
1539231508893568,14705,8424,4143
1539231508922487,14706,1618,2357
1539231508944733,14707,1635,2373
1539231508966872,14708,1674,2391
1539231508988763,14709,2530,2779
1539231509012741,14710,8248,4195
1539231509041514,14711,1805,2447
1539231509065332,14712,1843,2434
1539231509088749,14713,1912,2447
1539231509112002,14714,2813,2843
1539231509138271,14715,8904,4219
1539231509168238,14716,1823,2429
1539231509192146,14717,1830,2420
1539231509215667,14718,1889,2437
1539231509238970,14719,2812,2817
1539231509263778,14720,8918,4203
1539231509293386,14721,1768,2414
1539231509316104,14722,1727,2390
1539231509339099,14723,1714,2427
1539231509361891,14724,2550,2789
1539231509386561,14725,8209,4141
1539231509414575,14726,1622,2365
1539231509436124,14727,1651,2362
1539231509458268,14728,1703,2396
1539231509480680,14729,2537,2801
1539231509505424,14730,8223,4141
1539231509533789,14731,1637,2383
1539231509555612,14732,1640,2407
1539231509577653,14733,1703,2399
1539231509600484,14734,2835,2844
1539231509626429,14735,8995,4212
1539231509657546,14736,1807,2448
1539231509681214,14737,1832,2470
1539231509704736,14738,1899,2459
1539231509728780,14739,2804,2836
1539231509754527,14740,8686,4278
1539231509783781,14741,1737,2398
1539231509806236,14742,1680,2397
1539231509828712,14743,1716,2385
1539231509850453,14744,2572,2777
1539231509874940,14745,8173,4131
1539231509903128,14746,1616,2408
1539231509925469,14747,1618,2373
1539231509947396,14748,1684,2398
1539231509969162,14749,2519,2790
1539231509993017,14750,8208,4224
1539231510021224,14751,1647,2393
1539231510043614,14752,1828,2425
1539231510068074,14753,1893,2457
1539231510091463,14754,2815,2821
1539231510117808,14755,9064,4217
1539231510147732,14756,1796,2406
1539231510171644,14757,1750,2430
1539231510194560,14758,1774,2426
1539231510217477,14759,2534,2786
1539231510242111,14760,8175,4130
1539231510270208,14761,1622,2387
1539231510291855,14762,1640,2361
1539231510313680,14763,1698,2381
1539231510336364,14764,2539,2786
1539231510360738,14765,8411,4136
1539231510390128,14766,1636,2392
1539231510411763,14767,1662,2374
1539231510434585,14768,1693,2397
1539231510457225,14769,2578,2790
1539231510481435,14770,8230,4135
1539231510509534,14771,1631,2380
1539231510531455,14772,1633,2367
1539231510553994,14773,1705,2417
1539231510576477,14774,2561,2785
1539231510600827,14775,8205,4130
1539231510629306,14776,1641,2361
1539231510651492,14777,1622,2377
1539231510673482,14778,1691,2400
1539231510696003,14779,2528,2760
1539231510720254,14780,8171,4128
1539231510748268,14781,1627,2366
1539231510770009,14782,1652,2416
1539231510792419,14783,1716,2399
1539231510814361,14784,2531,2771
1539231510838736,14785,8279,4150
1539231510867096,14786,1620,2359
1539231510889722,14787,1627,2374
1539231510911577,14788,1683,2395
1539231510934054,14789,2535,2789
1539231510958703,14790,8203,4144
1539231510986987,14791,1633,2392
1539231511008950,14792,1654,2388
1539231511030882,14793,1699,2424
1539231511053679,14794,2741,2827
1539231511079208,14795,8899,4204
1539231511109677,14796,1780,2412
1539231511133260,14797,1767,2413
1539231511156724,14798,1788,2427
1539231511179117,14799,2590,2771
1539231511203568,14800,8122,4142
1539231511231657,14801,1613,2375
1539231511253784,14802,1644,2374
1539231511275974,14803,1688,2381
1539231511297914,14804,2527,2780
1539231511322547,14805,8234,4113
1539231511351080,14806,1652,2391
1539231511373250,14807,1654,2357
1539231511395275,14808,1694,2391
1539231511417677,14809,2501,2781
1539231511441973,14810,8159,4133
1539231511469965,14811,1614,2393
1539231511491831,14812,1647,2361
1539231511514389,14813,1688,2398
1539231511536885,14814,2520,2772
1539231511561121,14815,8241,4178
1539231511589557,14816,1707,2413
1539231511612656,14817,1725,2388
1539231511635185,14818,1725,2407
1539231511657138,14819,2540,2785
1539231511681431,14820,8257,4127
1539231511709450,14821,1612,2375
1539231511730788,14822,1628,2387
1539231511753022,14823,1707,2378
1539231511775328,14824,2834,2946
1539231511800088,14825,8411,4159
1539231511828689,14826,1660,2372
1539231511851234,14827,1648,2380
1539231511874032,14828,1709,2399
1539231511896626,14829,2558,2791
1539231511920011,14830,8240,4151
1539231511948147,14831,1640,2355
1539231511970041,14832,1646,2376
1539231511992269,14833,1714,2382
1539231512014321,14834,2560,2816
1539231512038946,14835,8645,4201
1539231512068245,14836,1784,2393
1539231512091537,14837,1759,2409
1539231512114796,14838,1811,2426
1539231512137386,14839,2664,2808
1539231512162162,14840,8266,4133
1539231512190405,14841,1668,2369
1539231512212555,14842,1664,2372
1539231512235410,14843,1709,2400
1539231512257583,14844,2539,2792
1539231512282275,14845,8231,4136
1539231512310323,14846,1628,2364
1539231512332360,14847,1660,2370
1539231512355203,14848,1742,2413
1539231512378105,14849,2551,2775
1539231512402577,14850,8195,4129
1539231512430916,14851,1630,2380
1539231512453095,14852,1651,2372
1539231512475565,14853,1729,2405
1539231512497923,14854,2553,2772
1539231512521752,14855,8356,4151
1539231512549949,14856,1638,2366
1539231512572230,14857,1662,2370
1539231512594540,14858,1698,2415
1539231512617300,14859,2596,2781
1539231512642115,14860,8259,4147
1539231512670566,14861,1627,2394
1539231512692694,14862,1675,2371
1539231512715240,14863,1713,2390
1539231512737146,14864,2577,2787
1539231512761713,14865,8469,4206
1539231512790706,14866,1716,2422
1539231512813266,14867,1737,2418
1539231512836011,14868,1770,2396
1539231512857982,14869,2545,2795
1539231512882240,14870,8196,4128
1539231512910661,14871,1619,2357
1539231512932710,14872,1644,2353
1539231512955043,14873,1693,2412
1539231512976862,14874,2555,2782
1539231513001042,14875,8203,4228
1539231513029386,14876,1667,2401
1539231513052653,14877,1751,2401
1539231513075450,14878,1780,2440
1539231513098326,14879,2589,2780
1539231513123008,14880,8231,4132
1539231513151203,14881,1623,2361
1539231513173294,14882,1672,2367
1539231513195180,14883,1737,2422
1539231513217952,14884,2539,2783
1539231513241875,14885,8316,4149
1539231513271094,14886,1639,2394
1539231513293120,14887,1663,2366
1539231513315582,14888,1704,2408
1539231513338261,14889,2552,2777
1539231513362371,14890,8308,4165
1539231513391609,14891,1628,2380
1539231513413573,14892,1654,2384
1539231513436175,14893,1740,2406
1539231513458434,14894,2585,2772
1539231513482947,14895,8203,4132
1539231513511371,14896,1628,2372
1539231513533520,14897,1643,2375
1539231513555740,14898,1719,2407
1539231513577907,14899,2534,2771
1539231513603382,14900,8872,4208
1539231513634230,14901,1805,2439
1539231513657096,14902,1830,2425
1539231513681661,14903,1883,2466
1539231513705118,14904,2798,2840
1539231513731512,14905,8868,4178
1539231513761722,14906,1764,2474
1539231513784957,14907,1748,2407
1539231513807636,14908,1741,2423
1539231513830444,14909,2535,2800
1539231513855100,14910,8179,4120
1539231513883248,14911,1616,2380
1539231513905201,14912,1641,2374
1539231513927101,14913,1688,2424
1539231513949824,14914,2520,2777
1539231513973770,14915,8248,4134
1539231514001786,14916,1617,2386
1539231514023458,14917,1639,2426
1539231514046917,14918,1858,2451
1539231514070068,14919,2774,2811
1539231514095898,14920,8827,4194
1539231514125448,14921,1760,2429
1539231514148447,14922,1772,2391
1539231514171489,14923,1754,2421
1539231514194208,14924,2548,2771
1539231514218749,14925,8288,4155
1539231514247605,14926,1634,2364
1539231514269981,14927,1650,2370
1539231514291833,14928,1710,2396
1539231514313702,14929,2534,2762
1539231514337729,14930,8207,4160
1539231514366441,14931,1659,2415
1539231514388717,14932,1662,2372
1539231514411480,14933,1698,2399
1539231514433846,14934,2528,2776
1539231514458276,14935,8261,4154
1539231514486350,14936,1632,2372
1539231514508850,14937,1651,2356
1539231514530942,14938,1705,2390
1539231514553424,14939,2549,2805
1539231514578144,14940,8268,4121
1539231514606221,14941,1624,2372
1539231514627970,14942,1655,2366
1539231514650220,14943,1704,2404
1539231514672962,14944,2761,2802
1539231514697370,14945,8382,4139
1539231514725691,14946,1628,2371
1539231514747324,14947,1655,2379
1539231514770180,14948,1733,2418
1539231514792938,14949,2582,2777
1539231514817016,14950,8159,4141
1539231514844812,14951,1639,2365
1539231514866656,14952,1627,2376
1539231514888565,14953,1699,2402
1539231514910672,14954,2549,2823
1539231514935122,14955,8209,4128
1539231514963746,14956,1617,2360
1539231514985947,14957,1623,2387
1539231515008709,14958,1699,2426
1539231515030527,14959,2540,2804
1539231515056025,14960,8888,4191
1539231515085800,14961,1806,2429
1539231515109053,14962,1830,2417
1539231515133007,14963,1888,2443
1539231515156848,14964,2759,2850
1539231515182462,14965,8621,4180
1539231515211300,14966,1651,2382
1539231515233874,14967,1633,2365
1539231515256385,14968,1704,2403
1539231515278357,14969,2494,2793
1539231515302683,14970,8202,4143
1539231515330593,14971,1618,2367
1539231515353134,14972,1660,2372
1539231515375374,14973,1689,2404
1539231515397921,14974,2537,2772
1539231515421936,14975,8262,4120
1539231515450533,14976,1621,2372
1539231515472069,14977,1670,2370
1539231515494868,14978,1707,2398
1539231515517498,14979,2542,2784
1539231515541613,14980,8235,4128
1539231515569686,14981,1743,2380
1539231515592842,14982,1769,2408
1539231515616572,14983,1830,2412
1539231515639192,14984,2675,2798
1539231515664275,14985,8359,4158
1539231515692498,14986,1644,2362
1539231515714429,14987,1621,2375
1539231515736839,14988,1701,2393
1539231515758687,14989,2525,2765
1539231515782796,14990,8220,4143
1539231515811201,14991,1626,2389
1539231515833111,14992,1659,2359
1539231515855474,14993,1733,2440
1539231515878470,14994,2551,2773
1539231515903657,14995,8270,4146
1539231515932290,14996,1629,2358
1539231515954908,14997,1627,2378
1539231515977298,14998,1713,2410
1539231515999832,14999,2525,2807
1539231516024845,15000,8233,4244
1539231516053648,15001,1690,2417
1539231516076135,15002,1693,2400
1539231516098368,15003,1717,2411
1539231516121015,15004,2557,2787
1539231516145065,15005,8291,4148
1539231516174332,15006,1632,2395
1539231516197133,15007,1701,2371
1539231516220440,15008,1730,2395
1539231516243020,15009,2563,2750
1539231516266897,15010,8253,4129
1539231516295332,15011,1630,2366
1539231516317541,15012,1659,2385
1539231516339870,15013,1716,2401
1539231516362167,15014,2594,2780
1539231516386839,15015,8264,4150
1539231516415870,15016,1647,2364
1539231516437931,15017,1635,2373
1539231516460283,15018,1716,2383
1539231516482651,15019,2536,2771
1539231516506495,15020,8180,4125
1539231516534823,15021,1621,2376
1539231516556543,15022,1646,2382
1539231516578759,15023,1689,2391
1539231516601153,15024,2538,2773
